0.01000  -42.27006  1.00000  2.79306
0.01086  -84.52342  1.00000  2.79199
0.01178  -126.75942  1.00000  2.79087
0.01277  -168.97738  1.00000  2.78972
0.01383  -211.17659  1.00000  2.78852
0.01496  -253.35632  1.00000  2.78728
0.01617  -295.51582  1.00000  2.78599
0.01746  -337.65430  1.00000  2.78465
0.01883  -379.77096  1.00000  2.78326
0.02030  -421.86495  1.00000  2.78182
0.02186  -463.93541  1.00000  2.78033
0.02352  -505.98145  1.00000  2.77879
0.02528  -548.00213  1.00000  2.77719
0.02715  -589.99651  1.00000  2.77553
0.02913  -631.96360  1.00000  2.77381
0.03123  -673.90236  1.00000  2.77203
0.03345  -715.81176  1.00000  2.77019
0.03579  -757.69069  1.00000  2.76828
0.03828  -799.53804  1.00000  2.76630
0.04089  -841.35265  1.00000  2.76426
0.04365  -883.13332  1.00000  2.76214
0.04656  -924.87880  1.00000  2.75996
0.04962  -966.58784  1.00000  2.75769
0.05284  -1008.25912  1.00000  2.75535
0.05622  -1049.89128  1.00000  2.75293
0.05977  -1091.48293  1.00000  2.75043
0.06349  -1133.03263  1.00000  2.74785
0.06738  -1174.53890  1.00000  2.74518
0.07147  -1216.00022  1.00000  2.74241
0.07573  -1257.41501  1.00000  2.73956
0.08019  -1298.78166  1.00000  2.73662
0.08485  -1340.09852  1.00000  2.73358
0.08971  -1381.36386  1.00000  2.73044
0.09478  -1422.57594  1.00000  2.72720
0.10005  -1463.73294  1.00000  2.72385
0.10554  -1504.83302  1.00000  2.72040
0.11124  -1545.87426  1.00000  2.71684
0.11717  -1586.85470  1.00000  2.71316
0.12332  -1627.77234  1.00000  2.70938
0.12969  -1668.62511  1.00000  2.70547
0.13630  -1709.41089  1.00000  2.70144
0.14313  -1750.12751  1.00000  2.69729
0.15020  -1790.77275  1.00000  2.69302
0.15751  -1831.34433  1.00000  2.68861
0.16505  -1871.83990  1.00000  2.68407
0.17282  -1912.25708  1.00000  2.67940
0.18084  -1952.59341  1.00000  2.67459
0.18909  -1992.84639  1.00000  2.66963
0.19758  -2033.01345  1.00000  2.66453
0.20630  -2073.09196  1.00000  2.65928
0.21526  -2113.07925  1.00000  2.65388
0.22445  -2152.97257  1.00000  2.64833
0.23386  -2192.76912  1.00000  2.64261
0.24350  -2232.46605  1.00000  2.63674
0.25337  -2272.06045  1.00000  2.63070
0.26345  -2311.54933  1.00000  2.62449
0.27374  -2350.92966  1.00000  2.61811
0.28424  -2390.19835  1.00000  2.61156
0.29494  -2429.35225  1.00000  2.60482
0.30583  -2468.38816  1.00000  2.59791
0.31691  -2507.30280  1.00000  2.59081
0.32816  -2546.09286  1.00000  2.58352
0.33959  -2584.75496  1.00000  2.57604
0.35118  -2623.28566  1.00000  2.56836
0.36292  -2661.68148  1.00000  2.56048
0.37480  -2699.93888  1.00000  2.55241
0.38681  -2738.05426  1.00000  2.54412
0.39894  -2776.02397  1.00000  2.53563
0.41117  -2813.84432  1.00000  2.52692
0.42351  -2851.51156  1.00000  2.51800
0.43592  -2889.02189  1.00000  2.50886
0.44841  -2926.37148  1.00000  2.49950
0.46096  -2963.55644  1.00000  2.48991
0.47355  -3000.57284  1.00000  2.48009
0.48617  -3037.41671  1.00000  2.47004
0.49881  -3074.08403  1.00000  2.45976
0.51145  -3110.57076  1.00000  2.44923
0.52408  -3146.87281  1.00000  2.43847
0.53669  -3182.98607  1.00000  2.42746
0.54927  -3218.90638  1.00000  2.41621
0.56179  -3254.62957  1.00000  2.40471
0.57425  -3290.15142  1.00000  2.39295
0.58663  -3325.46772  1.00000  2.38094
0.59893  -3360.57421  1.00000  2.36868
0.61112  -3395.46662  1.00000  2.35615
0.62319  -3430.14066  1.00000  2.34337
0.63514  -3464.59205  1.00000  2.33032
0.64695  -3498.81647  1.00000  2.31701
0.65861  -3532.80962  1.00000  2.30344
0.67011  -3566.56717  1.00000  2.28959
0.68144  -3600.08481  1.00000  2.27548
0.69259  -3633.35824  1.00000  2.26109
0.70356  -3666.38315  1.00000  2.24644
0.71433  -3699.15525  1.00000  2.23152
0.72489  -3731.67026  1.00000  2.21632
0.73525  -3763.92393  1.00000  2.20085
0.74538  -3795.91202  1.00000  2.18511
0.75530  -3827.63033  1.00000  2.16909
0.76499  -3859.07469  1.00000  2.15281
0.77444  -3890.24095  1.00000  2.13625
0.78366  -3921.12502  1.00000  2.11943
0.79265  -3951.72284  1.00000  2.10233
0.80139  -3982.03042  1.00000  2.08497
0.80989  -4012.04379  1.00000  2.06734
0.81815  -4041.75908  1.00000  2.04945
0.82616  -4071.17246  1.00000  2.03130
0.83393  -4100.28016  1.00000  2.01289
0.84146  -4129.07850  1.00000  1.99423
0.84874  -4157.56388  1.00000  1.97532
0.85578  -4185.73278  1.00000  1.95615
0.86259  -4213.58175  1.00000  1.93675
0.86915  -4241.10746  1.00000  1.91711
0.87549  -4268.30667  1.00000  1.89723
0.88159  -4295.17624  1.00000  1.87712
0.88746  -4321.71314  1.00000  1.85679
0.89312  -4347.91447  1.00000  1.83625
0.89855  -4373.77742  1.00000  1.81549
0.90377  -4399.29932  1.00000  1.79453
0.90877  -4424.47765  1.00000  1.77337
0.91357  -4449.30999  1.00000  1.75202
0.91817  -4473.79408  1.00000  1.73049
0.92258  -4497.92781  1.00000  1.70879
0.92679  -4521.70920  1.00000  1.68693
0.93081  -4545.13644  1.00000  1.66491
0.93466  -4568.20786  1.00000  1.64274
0.93833  -4590.92199  1.00000  1.62043
0.94183  -4613.27749  1.00000  1.59800
0.94517  -4635.27321  1.00000  1.57546
0.94835  -4656.90817  1.00000  1.55281
0.95138  -4678.18157  1.00000  1.53006
0.95425  -4699.09279  1.00000  1.50723
0.95699  -4719.64141  1.00000  1.48433
0.95958  -4739.82717  1.00000  1.46137
0.96205  -4759.65003  1.00000  1.43837
0.96439  -4779.11013  1.00000  1.41533
0.96660  -4798.20780  1.00000  1.39227
0.96870  -4816.94358  1.00000  1.36919
0.97068  -4835.31819  1.00000  1.34613
0.97256  -4853.33258  1.00000  1.32308
0.97434  -4870.98786  1.00000  1.30006
0.97601  -4888.28537  1.00000  1.27708
0.97759  -4905.22663  1.00000  1.25416
0.97909  -4921.81338  1.00000  1.23131
0.98049  -4938.04754  1.00000  1.20854
0.98182  -4953.93124  1.00000  1.18587
0.98306  -4969.46678  1.00000  1.16332
0.98424  -4984.65669  1.00000  1.14089
0.98534  -4999.50365  1.00000  1.11859
0.98637  -5014.01055  1.00000  1.09645
0.98734  -5028.18046  1.00000  1.07447
0.98825  -5042.01663  1.00000  1.05267
0.98911  -5055.52247  1.00000  1.03105
0.98991  -5068.70158  1.00000  1.00964
0.99066  -5081.55771  1.00000  0.98845
0.99136  -5094.09477  1.00000  0.96748
0.99201  -5106.31684  1.00000  0.94675
0.99262  -5118.22811  1.00000  0.92626
0.99319  -5129.83295  1.00000  0.90604
0.99372  -5141.13585  1.00000  0.88609
0.99422  -5152.14140  1.00000  0.86642
0.99468  -5162.85436  1.00000  0.84704
0.99510  -5173.27954  1.00000  0.82796
0.99550  -5183.42191  1.00000  0.80919
0.99587  -5193.28649  1.00000  0.79074
0.99621  -5202.87842  1.00000  0.77261
0.99653  -5212.20290  1.00000  0.75481
0.99683  -5221.26519  1.00000  0.73735
0.99710  -5230.07064  1.00000  0.72024
0.99735  -5238.62463  1.00000  0.70348
0.99758  -5246.93258  1.00000  0.68707
0.99780  -5254.99997  1.00000  0.67103
0.99799  -5262.83227  1.00000  0.65535
0.99818  -5270.43500  1.00000  0.64004
0.99834  -5277.81368  1.00000  0.62509
0.99850  -5284.97380  1.00000  0.61053
0.99864  -5291.92088  1.00000  0.59634
0.99877  -5298.66042  1.00000  0.58252
0.99889  -5305.19786  1.00000  0.56908
0.99900  -5311.53865  1.00000  0.55602
0.99909  -5317.68817  1.00000  0.54334
0.99918  -5323.65177  1.00000  0.53104
0.99927  -5329.43472  1.00000  0.51911
0.99934  -5335.04226  1.00000  0.50755
0.99941  -5340.47955  1.00000  0.49637
0.99947  -5345.75165  1.00000  0.48555
0.99953  -5350.86357  1.00000  0.47510
0.99958  -5355.82023  1.00000  0.46502
0.99963  -5360.62644  1.00000  0.45529
0.99967  -5365.28692  1.00000  0.44592
0.99970  -5369.80629  1.00000  0.43689
0.99974  -5374.18907  1.00000  0.42822
0.99977  -5378.43966  1.00000  0.41988
0.99980  -5382.56235  1.00000  0.41187
0.99982  -5386.56131  1.00000  0.40419
0.99984  -5390.44060  1.00000  0.39684
0.99986  -5394.20414  1.00000  0.38980
0.99988  -5397.85575  1.00000  0.38307
0.99989  -5401.39910  1.00000  0.37664
0.99991  -5404.83776  1.00000  0.37051
0.99992  -5408.17514  1.00000  0.36466
0.99993  -5411.41454  1.00000  0.35910
0.99994  -5414.55915  1.00000  0.35381
0.99995  -5417.61198  1.00000  0.34878
0.99996  -5420.57597  1.00000  0.34401
0.99996  -5423.45390  1.00000  0.33950
0.99997  -5426.24843  1.00000  0.33523
0.99997  -5428.96209  1.00000  0.33119
0.99998  -5431.59730  1.00000  0.32738
0.99998  -5434.15635  1.00000  0.32379
0.99998  -5436.64141  1.00000  0.32041
0.99999  -5439.05454  1.00000  0.31723
0.99999  -5441.39769  1.00000  0.31426
0.99999  -5443.67268  1.00000  0.31147
0.99999  -5445.88123  1.00000  0.30886
0.99999  -5448.02498  1.00000  0.30642
0.99999  -5450.10543  1.00000  0.30415
1.00000  -5452.12400  1.00000  0.30205
1.00000  -5454.08201  1.00000  0.30009
1.00000  -5455.98070  1.00000  0.29827
1.00000  -5457.82121  1.00000  0.29660
1.00000  -5459.60460  1.00000  0.29505
1.00000  -5461.33184  1.00000  0.29363
1.00000  -5463.00385  1.00000  0.29233
1.00000  -5464.62144  1.00000  0.29113
1.00000  -5466.18538  1.00000  0.29005
1.00000  -5467.69635  1.00000  0.28905
1.00000  -5469.15500  1.00000  0.28816
1.00000  -5470.56188  1.00000  0.28734
1.00000  -5471.91753  1.00000  0.28661
1.00000  -5473.22240  1.00000  0.28596
1.00000  -5474.47691  1.00000  0.28537
1.00000  -5475.68143  1.00000  0.28485
1.00000  -5476.83630  1.00000  0.28439
1.00000  -5477.94181  1.00000  0.28398
1.00000  -5478.99821  1.00000  0.28363
1.00000  -5480.00573  1.00000  0.28332
1.00000  -5480.96456  1.00000  0.28305
1.00000  -5481.87487  1.00000  0.28282
1.00000  -5482.73680  1.00000  0.28263
1.00000  -5483.55048  1.00000  0.28246
1.00000  -5484.31600  1.00000  0.28232
1.00000  -5485.03346  1.00000  0.28221
1.00000  -5485.70292  1.00000  0.28212
1.00000  -5486.32443  1.00000  0.28205
1.00000  -5486.89804  1.00000  0.28199
1.00000  -5487.42379  1.00000  0.28194
1.00000  -5487.90169  1.00000  0.28191
1.00000  -5488.33178  1.00000  0.28189
1.00000  -5488.71407  1.00000  0.28187
1.00000  -5489.04855  1.00000  0.28186
1.00000  -5489.33525  1.00000  0.28185
1.00000  -5489.57416  1.00000  0.28185
1.00000  -5489.76529  1.00000  0.28184
1.00000  -5489.90864  1.00000  0.28184
1.00000  -5490.00420  1.00000  0.28184
1.00000  -5490.05199  1.00000  0.28184
1.00000  -5490.00420  1.00000  0.28184
1.00000  -5489.90864  1.00000  0.28184
1.00000  -5489.76529  1.00000  0.28184
1.00000  -5489.57416  1.00000  0.28184
1.00000  -5489.33525  1.00000  0.28185
1.00000  -5489.04855  1.00000  0.28185
1.00000  -5488.71407  1.00000  0.28186
1.00000  -5488.33178  1.00000  0.28187
1.00000  -5487.90169  1.00000  0.28189
1.00000  -5487.42379  1.00000  0.28191
1.00000  -5486.89804  1.00000  0.28194
1.00000  -5486.32443  1.00000  0.28199
1.00000  -5485.70292  1.00000  0.28205
1.00000  -5485.03346  1.00000  0.28212
1.00000  -5484.31600  1.00000  0.28221
1.00000  -5483.55048  1.00000  0.28232
1.00000  -5482.73680  1.00000  0.28246
1.00000  -5481.87487  1.00000  0.28263
1.00000  -5480.96456  1.00000  0.28282
1.00000  -5480.00573  1.00000  0.28305
1.00000  -5478.99821  1.00000  0.28332
1.00000  -5477.94181  1.00000  0.28363
1.00000  -5476.83630  1.00000  0.28398
1.00000  -5475.68143  1.00000  0.28439
1.00000  -5474.47691  1.00000  0.28485
1.00000  -5473.22240  1.00000  0.28537
1.00000  -5471.91753  1.00000  0.28596
1.00000  -5470.56188  1.00000  0.28661
1.00000  -5469.15500  1.00000  0.28734
1.00000  -5467.69635  1.00000  0.28816
1.00000  -5466.18538  1.00000  0.28905
1.00000  -5464.62144  1.00000  0.29005
1.00000  -5463.00385  1.00000  0.29113
1.00000  -5461.33184  1.00000  0.29233
1.00000  -5459.60460  1.00000  0.29363
1.00000  -5457.82121  1.00000  0.29505
1.00000  -5455.98070  1.00000  0.29660
1.00000  -5454.08201  1.00000  0.29827
1.00000  -5452.12400  1.00000  0.30009
1.00000  -5450.10543  1.00000  0.30205
0.99999  -5448.02498  1.00000  0.30415
0.99999  -5445.88123  1.00000  0.30642
0.99999  -5443.67268  1.00000  0.30886
0.99999  -5441.39769  1.00000  0.31147
0.99999  -5439.05454  1.00000  0.31426
0.99999  -5436.64141  1.00000  0.31723
0.99998  -5434.15635  1.00000  0.32041
0.99998  -5431.59730  1.00000  0.32379
0.99998  -5428.96209  1.00000  0.32738
0.99997  -5426.24843  1.00000  0.33119
0.99997  -5423.45390  1.00000  0.33523
0.99996  -5420.57597  1.00000  0.33950
0.99996  -5417.61198  1.00000  0.34401
0.99995  -5414.55915  1.00000  0.34878
0.99994  -5411.41454  1.00000  0.35381
0.99993  -5408.17514  1.00000  0.35910
0.99992  -5404.83776  1.00000  0.36466
0.99991  -5401.39910  1.00000  0.37051
0.99989  -5397.85575  1.00000  0.37664
0.99988  -5394.20414  1.00000  0.38307
0.99986  -5390.44060  1.00000  0.38980
0.99984  -5386.56131  1.00000  0.39684
0.99982  -5382.56235  1.00000  0.40419
0.99980  -5378.43966  1.00000  0.41187
0.99977  -5374.18907  1.00000  0.41988
0.99974  -5369.80629  1.00000  0.42822
0.99970  -5365.28692  1.00000  0.43689
0.99967  -5360.62644  1.00000  0.44592
0.99963  -5355.82023  1.00000  0.45529
0.99958  -5350.86357  1.00000  0.46502
0.99953  -5345.75165  1.00000  0.47510
0.99947  -5340.47955  1.00000  0.48555
0.99941  -5335.04226  1.00000  0.49637
0.99934  -5329.43472  1.00000  0.50755
0.99927  -5323.65177  1.00000  0.51911
0.99918  -5317.68817  1.00000  0.53104
0.99909  -5311.53865  1.00000  0.54334
0.99900  -5305.19786  1.00000  0.55602
0.99889  -5298.66042  1.00000  0.56908
0.99877  -5291.92088  1.00000  0.58252
0.99864  -5284.97380  1.00000  0.59634
0.99850  -5277.81368  1.00000  0.61053
0.99834  -5270.43500  1.00000  0.62509
0.99818  -5262.83227  1.00000  0.64004
0.99799  -5254.99997  1.00000  0.65535
0.99780  -5246.93258  1.00000  0.67103
0.99758  -5238.62463  1.00000  0.68707
0.99735  -5230.07064  1.00000  0.70348
0.99710  -5221.26519  1.00000  0.72024
0.99683  -5212.20290  1.00000  0.73735
0.99653  -5202.87842  1.00000  0.75481
0.99621  -5193.28649  1.00000  0.77261
0.99587  -5183.42191  1.00000  0.79074
0.99550  -5173.27954  1.00000  0.80919
0.99510  -5162.85436  1.00000  0.82796
0.99468  -5152.14140  1.00000  0.84704
0.99422  -5141.13585  1.00000  0.86642
0.99372  -5129.83295  1.00000  0.88609
0.99319  -5118.22811  1.00000  0.90604
0.99262  -5106.31684  1.00000  0.92626
0.99201  -5094.09477  1.00000  0.94675
0.99136  -5081.55771  1.00000  0.96748
0.99066  -5068.70158  1.00000  0.98845
0.98991  -5055.52247  1.00000  1.00964
0.98911  -5042.01663  1.00000  1.03105
0.98825  -5028.18046  1.00000  1.05267
0.98734  -5014.01055  1.00000  1.07447
0.98637  -4999.50365  1.00000  1.09645
0.98534  -4984.65669  1.00000  1.11859
0.98424  -4969.46678  1.00000  1.14089
0.98306  -4953.93124  1.00000  1.16332
0.98182  -4938.04754  1.00000  1.18587
0.98049  -4921.81338  1.00000  1.20854
0.97909  -4905.22663  1.00000  1.23131
0.97759  -4888.28537  1.00000  1.25416
0.97601  -4870.98786  1.00000  1.27708
0.97434  -4853.33258  1.00000  1.30006
0.97256  -4835.31819  1.00000  1.32308
0.97068  -4816.94358  1.00000  1.34613
0.96870  -4798.20780  1.00000  1.36919
0.96660  -4779.11013  1.00000  1.39227
0.96439  -4759.65003  1.00000  1.41533
0.96205  -4739.82717  1.00000  1.43837
0.95958  -4719.64141  1.00000  1.46137
0.95699  -4699.09279  1.00000  1.48433
0.95425  -4678.18157  1.00000  1.50723
0.95138  -4656.90817  1.00000  1.53006
0.94835  -4635.27321  1.00000  1.55281
0.94517  -4613.27749  1.00000  1.57546
0.94183  -4590.92199  1.00000  1.59800
0.93833  -4568.20786  1.00000  1.62043
0.93466  -4545.13644  1.00000  1.64274
0.93081  -4521.70920  1.00000  1.66491
0.92679  -4497.92781  1.00000  1.68693
0.92258  -4473.79408  1.00000  1.70879
0.91817  -4449.30999  1.00000  1.73049
0.91357  -4424.47765  1.00000  1.75202
0.90877  -4399.29932  1.00000  1.77337
0.90377  -4373.77742  1.00000  1.79453
0.89855  -4347.91447  1.00000  1.81549
0.89312  -4321.71314  1.00000  1.83625
0.88746  -4295.17624  1.00000  1.85679
0.88159  -4268.30667  1.00000  1.87712
0.87549  -4241.10746  1.00000  1.89723
0.86915  -4213.58175  1.00000  1.91711
0.86259  -4185.73278  1.00000  1.93675
0.85578  -4157.56388  1.00000  1.95615
0.84874  -4129.07850  1.00000  1.97532
0.84146  -4100.28016  1.00000  1.99423
0.83393  -4071.17246  1.00000  2.01289
0.82616  -4041.75908  1.00000  2.03130
0.81815  -4012.04379  1.00000  2.04945
0.80989  -3982.03042  1.00000  2.06734
0.80139  -3951.72284  1.00000  2.08497
0.79265  -3921.12502  1.00000  2.10233
0.78366  -3890.24095  1.00000  2.11943
0.77444  -3859.07469  1.00000  2.13625
0.76499  -3827.63033  1.00000  2.15281
0.75530  -3795.91202  1.00000  2.16909
0.74538  -3763.92393  1.00000  2.18511
0.73525  -3731.67026  1.00000  2.20085
0.72489  -3699.15525  1.00000  2.21632
0.71433  -3666.38315  1.00000  2.23152
0.70356  -3633.35824  1.00000  2.24644
0.69259  -3600.08481  1.00000  2.26109
0.68144  -3566.56717  1.00000  2.27548
0.67011  -3532.80962  1.00000  2.28959
0.65861  -3498.81647  1.00000  2.30344
0.64695  -3464.59205  1.00000  2.31701
0.63514  -3430.14066  1.00000  2.33032
0.62319  -3395.46662  1.00000  2.34337
0.61112  -3360.57421  1.00000  2.35615
0.59893  -3325.46772  1.00000  2.36868
0.58663  -3290.15142  1.00000  2.38094
0.57425  -3254.62957  1.00000  2.39295
0.56179  -3218.90638  1.00000  2.40471
0.54927  -3182.98607  1.00000  2.41621
0.53669  -3146.87281  1.00000  2.42746
0.52408  -3110.57076  1.00000  2.43847
0.51145  -3074.08403  1.00000  2.44923
0.49881  -3037.41671  1.00000  2.45976
0.48617  -3000.57284  1.00000  2.47004
0.47355  -2963.55644  1.00000  2.48009
0.46096  -2926.37148  1.00000  2.48991
0.44841  -2889.02189  1.00000  2.49950
0.43592  -2851.51156  1.00000  2.50886
0.42351  -2813.84432  1.00000  2.51800
0.41117  -2776.02397  1.00000  2.52692
0.39894  -2738.05426  1.00000  2.53563
0.38681  -2699.93888  1.00000  2.54412
0.37480  -2661.68148  1.00000  2.55241
0.36292  -2623.28566  1.00000  2.56048
0.35118  -2584.75496  1.00000  2.56836
0.33959  -2546.09286  1.00000  2.57604
0.32816  -2507.30280  1.00000  2.58352
0.31691  -2468.38816  1.00000  2.59081
0.30583  -2429.35225  1.00000  2.59791
0.29494  -2390.19835  1.00000  2.60482
0.28424  -2350.92966  1.00000  2.61156
0.27374  -2311.54933  1.00000  2.61811
0.26345  -2272.06045  1.00000  2.62449
0.25337  -2232.46605  1.00000  2.63070
0.24350  -2192.76912  1.00000  2.63674
0.23386  -2152.97257  1.00000  2.64261
0.22445  -2113.07925  1.00000  2.64833
0.21526  -2073.09196  1.00000  2.65388
0.20630  -2033.01345  1.00000  2.65928
0.19758  -1992.84639  1.00000  2.66453
0.18909  -1952.59341  1.00000  2.66963
0.18084  -1912.25708  1.00000  2.67459
0.17282  -1871.83990  1.00000  2.67940
0.16505  -1831.34433  1.00000  2.68407
0.15751  -1790.77275  1.00000  2.68861
0.15020  -1750.12751  1.00000  2.69302
0.14313  -1709.41089  1.00000  2.69729
0.13630  -1668.62511  1.00000  2.70144
0.12969  -1627.77234  1.00000  2.70547
0.12332  -1586.85470  1.00000  2.70938
0.11717  -1545.87426  1.00000  2.71316
0.11124  -1504.83302  1.00000  2.71684
0.10554  -1463.73294  1.00000  2.72040
0.10005  -1422.57594  1.00000  2.72385
0.09478  -1381.36386  1.00000  2.72720
0.08971  -1340.09852  1.00000  2.73044
0.08485  -1298.78166  1.00000  2.73358
0.08019  -1257.41501  1.00000  2.73662
0.07573  -1216.00022  1.00000  2.73956
0.07147  -1174.53890  1.00000  2.74241
0.06738  -1133.03263  1.00000  2.74518
0.06349  -1091.48293  1.00000  2.74785
0.05977  -1049.89128  1.00000  2.75043
0.05622  -1008.25912  1.00000  2.75293
0.05284  -966.58784  1.00000  2.75535
0.04962  -924.87880  1.00000  2.75769
0.04656  -883.13332  1.00000  2.75996
0.04365  -841.35265  1.00000  2.76214
0.04089  -799.53804  1.00000  2.76426
0.03828  -757.69069  1.00000  2.76630
0.03579  -715.81176  1.00000  2.76828
0.03345  -673.90236  1.00000  2.77019
0.03123  -631.96360  1.00000  2.77203
0.02913  -589.99651  1.00000  2.77381
0.02715  -548.00213  1.00000  2.77553
0.02528  -505.98145  1.00000  2.77719
0.02352  -463.93541  1.00000  2.77879
0.02186  -421.86495  1.00000  2.78033
0.02030  -379.77096  1.00000  2.78182
0.01883  -337.65430  1.00000  2.78326
0.01746  -295.51582  1.00000  2.78465
0.01617  -253.35632  1.00000  2.78599
0.01496  -211.17659  1.00000  2.78728
0.01383  -168.97738  1.00000  2.78852
0.01277  -126.75942  1.00000  2.78972
0.01178  -84.52342  1.00000  2.79087
0.01086  -42.27006  1.00000  2.79199
0.01000  -0.00000  1.00000  2.79306
