2055
0.040141	0.002030
0.000000	-0.002082
0.005338	0.002136
0.000000	-0.002193
0.002789	0.002252
0.000000	-0.002313
0.001895	0.002378
0.000000	-0.002446
0.001443	0.002516
0.000000	-0.002591
0.001172	0.002668
0.000000	-0.002750
0.000993	0.002837
0.000000	-0.002928
0.000865	0.003024
0.000000	-0.003125
0.000771	0.003232
0.000000	-0.003346
0.000699	0.003467
0.000000	-0.003596
0.000644	0.003733
0.000000	-0.003880
0.000600	0.004037
0.000000	-0.004206
0.000565	0.004387
0.000000	-0.004583
0.000538	0.004795
0.000000	-0.005025
0.000518	0.005276
0.000000	-0.005550
0.000504	0.005851
0.000000	-0.006183
0.000496	0.006552
0.000000	-0.006963
0.000494	0.007424
0.000000	-0.007945
0.000500	0.008538
0.000000	-0.009219
0.000516	0.010010
0.000000	-0.010939
0.000545	0.012044
0.000000	-0.013382
0.000598	0.015032
0.000000	-0.017117
0.000693	0.019828
0.000000	-0.023482
0.000881	0.028633
0.000000	-0.036245
0.001314	0.047382
0.000000	-0.043028
0.058367	2.667577
0.075042	3.268901
0.073632	3.072895
0.078694	3.187947
0.079340	3.106740
0.082453	3.169500
0.083663	3.118313
0.086187	3.161575
0.086793	3.124076
0.090102	3.157199
0.091807	3.127511
0.093483	3.154431
0.096219	3.129788
0.097492	3.152525
0.099868	3.131406
0.102449	3.151134
0.103381	3.132615
0.105238	3.150074
0.106997	3.133552
0.105763	3.149240
0.108758	3.134299
0.111638	3.148567
0.110757	3.134908
0.109712	3.148012
0.111619	3.135415
0.113123	3.147548
0.113537	3.135843
0.114034	3.147153
0.116002	3.136209
0.117487	3.146813
0.114752	3.136525
0.116550	3.146518
0.119246	3.136801
0.117929	3.146259
0.117462	3.137044
0.116947	3.146030
0.116602	3.137260
0.115902	3.145826
0.116255	3.137453
0.114870	3.145644
0.115702	3.137626
0.114807	3.145479
0.114632	3.137782
0.113910	3.145331
0.113672	3.137924
0.113793	3.145195
0.113156	3.138053
0.111948	3.145072
0.111004	3.138171
0.110809	3.144959
0.109548	3.138279
0.107175	3.144855
0.105462	3.138379
0.103025	3.144759
0.101042	3.138471
0.098985	3.144670
0.095620	3.138557
0.093757	3.144588
0.089972	3.138636
0.090144	3.144512
0.088862	3.138710
0.086063	3.144440
0.084526	3.138779
0.082730	3.144374
0.081033	3.138843
0.080685	3.144312
0.077857	3.138903
0.073646	3.144253
0.071584	3.138960
0.069878	3.144199
0.066704	3.139013
0.064167	3.144147
0.062380	3.139063
0.059014	3.144099
0.057023	3.139110
0.054562	3.144053
0.053667	3.139154
0.053185	3.144010
0.050233	3.139196
0.047673	3.143969
0.047687	3.139236
0.046426	3.143930
0.041867	3.139274
0.038905	3.143894
0.037658	3.139309
0.035338	3.143859
0.033055	3.139343
0.031150	3.143826
0.029283	3.139375
0.027603	3.143795
0.026428	3.139406
0.025083	3.143765
0.023833	3.139435
0.023792	3.143736
0.022396	3.139463
0.021244	3.143709
0.020440	3.139489
0.019916	3.143684
0.019902	3.139514
0.018749	3.143659
0.017297	3.139538
0.014751	3.143636
0.013601	3.139561
0.011923	3.143613
0.010647	3.139583
0.008629	3.143592
0.007312	3.139604
0.006701	3.143572
0.005411	3.139623
0.004058	3.143552
0.003211	3.139643
0.003206	3.143534
0.003170	3.139661
0.002917	3.143516
0.002783	3.139678
0.003678	3.143499
0.004104	3.139695
0.003163	3.143482
0.003148	3.139711
0.005108	3.143467
0.005547	3.139726
0.004231	3.143452
0.003865	3.139741
0.003640	3.143438
0.004310	3.139755
0.005407	3.143424
0.007822	3.139768
0.010305	3.143411
0.010052	3.139781
0.009790	3.143398
0.011716	3.139793
0.013758	3.143386
0.015413	3.139805
0.017311	3.143375
0.017882	3.139816
0.018826	3.143364
0.021455	3.139827
0.023869	3.143353
0.024216	3.139837
0.026024	3.143343
0.027609	3.139847
0.028899	3.143334
0.031966	3.139856
0.034661	3.143325
0.037629	3.139865
0.040607	3.143316
0.044207	3.139873
0.046829	3.143308
0.050542	3.139882
0.053877	3.143300
0.056412	3.139889
0.059546	3.143292
0.062698	3.139897
0.064841	3.143285
0.068117	3.139904
0.070313	3.143278
0.073130	3.139910
0.075161	3.143272
0.077728	3.139917
0.080102	3.143266
0.083890	3.139923
0.086943	3.143260
0.089076	3.139928
0.093011	3.143254
0.095775	3.139933
0.098639	3.143249
0.102755	3.139938
0.106125	3.143244
0.107744	3.139943
0.111031	3.143240
0.113656	3.139948
0.115833	3.143236
0.119104	3.139952
0.122867	3.143232
0.125050	3.139955
0.126243	3.143228
0.129025	3.139959
0.132754	3.143225
0.135056	3.139962
0.137094	3.143222
0.139979	3.139965
0.142395	3.143219
0.144172	3.139968
0.146679	3.143216
0.150866	3.139970
0.153226	3.143214
0.155756	3.139972
0.156903	3.143212
0.157389	3.139974
0.158074	3.143210
0.159683	3.139976
0.161542	3.143209
0.162912	3.139977
0.162178	3.143207
0.159594	3.139979
0.160748	3.143206
0.163465	3.139979
0.164398	3.143206
0.164756	3.139980
0.164387	3.143205
0.165174	3.139980
0.164925	3.143205
0.162886	3.139980
0.161505	3.143205
0.162436	3.139980
0.162447	3.143205
0.159126	3.139980
0.158064	3.143206
0.158533	3.139979
0.155967	3.143206
0.158836	3.139978
0.158649	3.143207
0.158070	3.139977
0.157617	3.143209
0.157413	3.139976
0.154551	3.143210
0.154362	3.139974
0.154886	3.143212
0.155299	3.139972
0.154037	3.143214
0.151519	3.139970
0.144899	3.143216
0.144568	3.139968
0.146127	3.143219
0.144021	3.139965
0.138313	3.143222
0.139499	3.139962
0.143195	3.143225
0.143010	3.139959
0.139332	3.143228
0.142100	3.139955
0.147024	3.143232
0.146387	3.139951
0.141504	3.143236
0.141825	3.139947
0.144249	3.143240
0.145299	3.139943
0.145633	3.143245
0.144968	3.139938
0.145318	3.143250
0.145109	3.139933
0.144236	3.143255
0.143463	3.139927
0.144355	3.143261
0.144704	3.139922
0.145274	3.143267
0.145876	3.139916
0.144737	3.143273
0.145686	3.139909
0.146222	3.143279
0.144093	3.139903
0.144168	3.143286
0.147479	3.139896
0.148844	3.143293
0.149950	3.139888
0.152669	3.143301
0.152555	3.139880
0.153366	3.143309
0.153540	3.139872
0.153757	3.143318
0.154854	3.139863
0.156248	3.143326
0.156350	3.139854
0.155213	3.143336
0.154179	3.139845
0.149590	3.143346
0.152453	3.139835
0.155202	3.143356
0.155320	3.139824
0.153871	3.143366
0.153060	3.139813
0.150301	3.143378
0.149464	3.139802
0.149616	3.143389
0.150763	3.139790
0.153856	3.143402
0.154369	3.139777
0.153636	3.143415
0.153623	3.139764
0.155294	3.143428
0.155505	3.139750
0.154111	3.143442
0.154121	3.139736
0.155188	3.143457
0.155270	3.139721
0.154301	3.143473
0.154027	3.139705
0.153093	3.143489
0.149691	3.139688
0.152034	3.143506
0.150730	3.139671
0.148874	3.143524
0.149088	3.139652
0.149943	3.143542
0.149380	3.139633
0.148505	3.143562
0.148878	3.139613
0.147933	3.143582
0.146152	3.139592
0.145989	3.143604
0.144312	3.139570
0.144592	3.143627
0.147453	3.139547
0.146304	3.143650
0.144146	3.139523
0.141831	3.143675
0.139821	3.139497
0.140794	3.143702
0.141384	3.139470
0.141116	3.143730
0.140048	3.139441
0.139454	3.143759
0.137929	3.139411
0.135565	3.143790
0.139870	3.139380
0.142728	3.143822
0.141745	3.139346
0.139621	3.143857
0.137480	3.139311
0.133742	3.143893
0.133632	3.139273
0.137009	3.143932
0.138345	3.139234
0.138643	3.143972
0.137830	3.139192
0.137394	3.144016
0.137307	3.139147
0.138023	3.144062
0.138918	3.139099
0.139827	3.144111
0.139968	3.139048
0.140629	3.144163
0.141883	3.138994
0.143575	3.144219
0.144791	3.138936
0.145519	3.144279
0.145738	3.138874
0.145982	3.144343
0.146936	3.138808
0.149039	3.144412
0.149608	3.138737
0.148611	3.144487
0.147439	3.138660
0.147772	3.144567
0.149006	3.138576
0.149631	3.144653
0.149884	3.138486
0.150042	3.144747
0.150367	3.138389
0.150640	3.144849
0.150715	3.138282
0.150641	3.144960
0.150612	3.138166
0.150802	3.145081
0.150890	3.138039
0.149519	3.145215
0.147677	3.137899
0.147200	3.145362
0.147591	3.137744
0.147535	3.145524
0.145189	3.137573
0.145000	3.145705
0.144749	3.137382
0.143265	3.145907
0.142368	3.137169
0.141585	3.146134
0.139375	3.136928
0.136049	3.146390
0.135201	3.136655
0.133577	3.146681
0.131011	3.136343
0.127738	3.147016
0.124642	3.135984
0.120443	3.147402
0.117010	3.135566
0.114686	3.147854
0.110419	3.135076
0.104238	3.148388
0.097688	3.134492
0.095222	3.149028
0.090268	3.133788
0.089570	3.149807
0.088740	3.132922
0.085908	3.150775
0.080232	3.131834
0.074787	3.152005
0.072042	3.130432
0.066267	3.153618
0.062151	3.128559
0.058260	3.155817
0.055647	3.125941
0.051901	3.158982
0.045246	3.122042
0.037540	3.163900
0.029811	3.115656
0.024157	3.172507
0.023636	3.103469
0.017882	3.190952
0.010791	3.073112
0.003177	3.237042
0.002397	0.572668
0.008730	-0.154329
0.010400	0.084442
0.015382	-0.057573
0.020248	0.043645
0.024151	-0.035199
0.028036	0.029558
0.031042	-0.025536
0.035812	0.022533
0.038840	-0.020210
0.042217	0.018365
0.045245	-0.016868
0.047861	0.015632
0.051120	-0.014598
0.054995	0.013722
0.056740	-0.012974
0.060489	0.012330
0.062730	-0.011772
0.065388	0.011286
0.069017	-0.010862
0.073236	0.010491
0.077856	-0.010165
0.079505	0.009880
0.081168	-0.009630
0.082361	0.009412
0.082065	-0.009222
0.083086	0.009059
0.086016	-0.008920
0.088687	0.008803
0.088619	-0.008706
0.087227	0.008629
0.088141	-0.008571
0.088872	0.008531
0.088104	-0.008508
0.088065	0.008502
0.087859	-0.008512
0.088430	0.008540
0.089070	-0.008584
0.088699	0.008645
0.088168	-0.008724
0.087072	0.008821
0.086854	-0.008936
0.087608	0.009071
0.087432	-0.009227
0.086091	0.009405
0.085102	-0.009607
0.085491	0.009834
0.083246	-0.010089
0.083219	0.010375
0.080127	-0.010694
0.077669	0.011050
0.073879	-0.011448
0.071031	0.011893
0.070242	-0.012392
0.065939	0.012950
0.062513	-0.013579
0.059446	0.014289
0.055452	-0.015093
0.051208	0.016010
0.046689	-0.017062
0.042495	0.018276
0.039059	-0.019691
0.035320	0.021354
0.033197	-0.023335
0.028770	0.025727
0.025236	-0.028665
0.022369	0.032351
0.020002	-0.037103
0.018151	0.043443
0.016062	-0.052300
0.012481	0.065492
0.010142	-0.087111
0.006729	0.128544
0.003324	-0.236266
0.000564	0.962878
0.002402	3.378725
0.005980	3.009231
0.009583	3.233078
0.013610	3.071528
0.017178	3.198561
0.020382	3.093426
0.023373	3.183456
0.027221	3.104453
0.029102	3.175068
0.032645	3.111035
0.036233	3.169777
0.037850	3.115370
0.038939	3.166170
0.039316	3.118411
0.042494	3.163580
0.046228	3.120637
0.046493	3.161653
0.048738	3.122315
0.050545	3.160185
0.051448	3.123604
0.053120	3.159048
0.054676	3.124607
0.056222	3.158162
0.057633	3.125390
0.058977	3.157471
0.060253	3.125999
0.061787	3.156936
0.063441	3.126466
0.064355	3.156531
0.064881	3.126814
0.065697	3.156238
0.068328	3.127057
0.070854	3.156042
0.070974	3.127208
0.072146	3.155934
0.074347	3.127273
0.075703	3.155910
0.076021	3.127258
0.075036	3.155966
0.071424	3.127162
0.071896	3.156102
0.072832	3.126985
0.075050	3.156320
0.077214	3.126723
0.076732	3.156627
0.075078	3.126370
0.071249	3.157030
0.068241	3.125915
0.064962	3.157541
0.063391	3.125343
0.065455	3.158177
0.064035	3.124636
0.063786	3.158963
0.060576	3.123764
0.059573	3.159931
0.061217	3.122688
0.061832	3.161127
0.062646	3.121354
0.062174	3.162619
0.059963	3.119680
0.056262	3.164505
0.052287	3.117545
0.051000	3.166937
0.049719	3.114756
0.048340	3.170162
0.045622	3.110992
0.040474	3.174603
0.039053	3.105680
0.036947	3.181061
0.032537	3.097674
0.028336	3.191236
0.023538	3.084328
0.019091	3.209488
0.014798	3.057878
0.012954	3.251236
0.009802	2.982103
0.004724	3.432574
0.000962	1.767024
0.003473	-0.288498
0.009812	0.154610
0.014263	-0.104300
0.016861	0.078202
0.022373	-0.062298
0.025337	0.051615
0.029141	-0.043955
0.035233	0.038199
0.039548	-0.033719
0.043289	0.030135
0.047544	-0.027204
0.052169	0.024763
0.058334	-0.022701
0.063456	0.020936
0.067372	-0.019408
0.074197	0.018073
0.079319	-0.016898
0.084805	0.015855
0.090640	-0.014924
0.098343	0.014088
0.106424	-0.013333
0.112283	0.012648
0.118340	-0.012024
0.123396	0.011453
0.128584	-0.010930
0.134496	0.010447
0.140764	-0.010002
0.146643	0.009589
0.151021	-0.009206
0.156167	0.008849
0.161632	-0.008516
0.166404	0.008204
0.170961	-0.007913
0.177132	0.007639
0.182355	-0.007381
0.187690	0.007138
0.190000	-0.006909
0.194826	0.006693
0.201420	-0.006488
0.206735	0.006294
0.209982	-0.006110
0.211032	0.005935
0.216473	-0.005768
0.223458	0.005610
0.226747	-0.005459
0.233093	0.005315
0.237604	-0.005177
0.240792	0.005046
0.243293	-0.004920
0.245481	0.004799
0.249940	-0.004684
0.250552	0.004573
0.251916	-0.004467
0.255040	0.004364
0.256620	-0.004266
0.257030	0.004172
0.258762	-0.004081
0.259127	0.003993
0.257603	-0.003909
0.258136	0.003827
0.257645	-0.003749
0.257808	0.003673
0.259591	-0.003600
0.259806	0.003529
0.260842	-0.003460
0.261735	0.003394
0.262066	-0.003330
0.259951	0.003268
0.255958	-0.003208
0.260260	0.003149
0.269515	-0.003093
0.272397	0.003038
0.271804	-0.002985
0.269475	0.002933
0.267737	-0.002883
0.266344	0.002834
0.265794	-0.002786
0.265485	0.002740
0.264700	-0.002695
0.264290	0.002652
0.263743	-0.002609
0.262640	0.002568
0.261359	-0.002528
0.260416	0.002488
0.260106	-0.002450
0.258987	0.002413
0.255746	-0.002377
0.257057	0.002341
0.260976	-0.002307
0.263986	0.002273
0.266432	-0.002240
0.266333	0.002208
0.265303	-0.002176
0.264383	0.002145
0.264627	-0.002115
0.264707	0.002086
0.264808	-0.002057
0.262911	0.002029
0.260151	-0.002002
0.258236	0.001975
0.260166	-0.001949
0.262257	0.001923
0.260565	-0.001898
0.256915	0.001873
0.254274	-0.001849
0.253092	0.001826
0.251875	-0.001803
0.249359	0.001780
0.245395	-0.001758
0.239661	0.001736
0.234960	-0.001715
0.238906	0.001694
0.245415	-0.001673
0.245461	0.001653
0.241840	-0.001633
0.235647	0.001614
0.236196	-0.001595
0.238395	0.001576
0.235702	-0.001558
0.233503	0.001540
0.230577	-0.001522
0.227792	0.001505
0.225402	-0.001488
0.223344	0.001471
0.222271	-0.001454
0.219906	0.001438
0.215866	-0.001422
0.212798	0.001407
0.210280	-0.001391
0.208128	0.001376
0.205798	-0.001361
0.201732	0.001347
0.200393	-0.001332
0.198750	0.001318
0.197014	-0.001304
0.194998	0.001290
0.193129	-0.001277
0.191923	0.001264
0.191990	-0.001251
0.191414	0.001238
0.190428	-0.001225
0.186970	0.001213
0.185899	-0.001200
0.184380	0.001188
0.181205	-0.001176
0.181019	0.001165
0.178717	-0.001153
0.175960	0.001142
0.174885	-0.001130
0.174396	0.001119
0.172964	-0.001108
0.170362	0.001098
0.168458	-0.001087
0.166361	0.001077
0.163791	-0.001066
0.163962	0.001056
0.162555	-0.001046
0.158989	0.001036
0.158273	-0.001027
0.157582	0.001017
0.155868	-0.001007
0.154774	0.000998
0.154257	-0.000989
0.154662	0.000980
0.155241	-0.000971
0.155962	0.000962
0.156616	-0.000953
0.157787	0.000945
0.159396	-0.000936
0.159310	0.000928
0.156730	-0.000919
0.155861	0.000911
0.160625	-0.000903
0.165390	0.000895
0.167152	-0.000887
0.165808	0.000879
0.164451	-0.000872
0.165869	0.000864
0.167880	-0.000856
0.170020	0.000849
0.169275	-0.000842
0.169843	0.000834
0.170424	-0.000827
0.172125	0.000820
0.174154	-0.000813
0.175334	0.000806
0.177368	-0.000799
0.180205	0.000793
0.183090	-0.000786
0.185507	0.000779
0.187466	-0.000773
0.190638	0.000766
0.196081	-0.000760
0.196377	0.000754
0.195699	-0.000747
0.199365	0.000741
0.203457	-0.000735
0.206538	0.000729
0.209738	-0.000723
0.212611	0.000717
0.218764	-0.000711
0.222374	0.000706
0.222047	-0.000700
0.223134	0.000694
0.224591	-0.000689
0.224556	0.000683
0.224114	-0.000678
0.226917	0.000672
0.230231	-0.000667
0.231204	0.000661
0.231534	-0.000656
0.232410	0.000651
0.231540	-0.000646
0.232494	0.000641
0.234532	-0.000636
0.234676	0.000631
0.235314	-0.000626
0.235867	0.000621
0.236652	-0.000616
0.236699	0.000611
0.235302	-0.000607
0.233316	0.000602
0.233799	-0.000597
0.234746	0.000593
0.235293	-0.000588
0.234883	0.000584
0.234066	-0.000579
0.232308	0.000575
0.230198	-0.000570
0.226303	0.000566
0.222415	-0.000562
0.219521	0.000558
0.216008	-0.000553
0.212047	0.000549
0.205811	-0.000545
0.197674	0.000541
0.193330	-0.000537
0.193992	0.000533
0.194696	-0.000529
0.193673	0.000525
0.190154	-0.000521
0.184959	0.000518
0.177649	-0.000514
0.169109	0.000510
0.162379	-0.000506
0.157965	0.000503
0.154494	-0.000499
0.150555	0.000495
0.145154	-0.000492
0.139412	0.000488
0.133669	-0.000485
0.128134	0.000481
0.122145	-0.000478
0.116607	0.000474
0.111123	-0.000471
0.105436	0.000468
0.099668	-0.000464
0.093581	0.000461
0.087080	-0.000458
0.082723	0.000455
0.077480	-0.000451
0.073174	0.000448
0.068349	-0.000445
0.063749	0.000442
0.060101	-0.000439
0.057879	0.000436
0.055902	-0.000433
0.053678	0.000430
0.050931	-0.000427
0.046417	0.000424
0.037467	-0.000421
0.031643	0.000419
0.033017	-0.000416
0.033174	0.000413
0.031976	-0.000410
0.028918	0.000407
0.023761	-0.000405
0.019480	0.000402
0.018231	-0.000400
0.015721	0.000397
0.011250	-0.000394
0.014040	0.000392
0.018190	-0.000389
0.019972	0.000387
0.020509	-0.000384
0.020975	0.000382
0.021042	-0.000380
0.020814	0.000377
0.021631	-0.000375
0.023720	0.000373
0.024315	-0.000370
0.026622	0.000368
0.029742	-0.000366
0.032593	0.000364
0.035166	-0.000362
0.037548	0.000360
0.040509	-0.000358
0.043424	0.000356
0.046863	-0.000354
0.051480	0.000352
0.054572	-0.000350
0.056391	0.000348
0.057986	-0.000346
0.059638	0.000344
0.063568	-0.000342
0.067728	0.000340
0.072873	-0.000339
0.077269	0.000337
0.080995	-0.000335
0.085365	0.000334
0.089775	-0.000332
0.090324	0.000331
0.095875	-0.000329
0.103524	0.000328
0.109177	-0.000326
0.111657	0.000325
0.111480	-0.000323
0.109836	0.000322
0.112324	-0.000321
0.119833	0.000320
0.125270	-0.000318
0.129086	0.000317
0.133039	-0.000316
0.134426	0.000315
0.135084	-0.000314
0.139976	0.000313
0.145236	-0.000312
0.149050	0.000311
0.151943	-0.000311
0.154615	0.000310
0.156892	-0.000309
0.158696	0.000308
0.160316	-0.000308
0.162248	0.000307
0.164684	-0.000307
0.169673	0.000306
0.172989	-0.000306
0.174629	0.000306
0.173266	-0.000306
0.171316	0.000305
0.170516	-0.000305
0.173618	0.000305
0.177739	-0.000306
0.179558	0.000306
0.180695	-0.000306
0.183301	0.000306
0.187012	-0.000307
0.189069	0.000307
0.187970	-0.000308
0.186061	0.000309
0.186955	-0.000310
0.188139	0.000310
0.188430	-0.000312
0.186814	0.000313
0.186893	-0.000314
0.190376	0.000316
0.194168	-0.000317
0.195213	0.000319
0.194319	-0.000321
0.193053	0.000323
0.191927	-0.000325
0.191324	0.000328
0.191083	-0.000330
0.190625	0.000333
0.190363	-0.000336
0.189936	0.000339
0.190408	-0.000343
0.188997	0.000346
0.189180	-0.000350
0.193043	0.000355
0.194368	-0.000359
0.193654	0.000364
0.189986	-0.000370
0.183388	0.000375
0.177394	-0.000381
0.178997	0.000388
0.182597	-0.000395
0.182958	0.000402
0.181674	-0.000410
0.179023	0.000419
0.173790	-0.000428
0.172538	0.000438
0.174166	-0.000448
0.173891	0.000460
0.173121	-0.000472
0.172213	0.000485
0.170586	-0.000500
0.167354	0.000515
0.164341	-0.000532
0.162548	0.000550
0.160563	-0.000570
0.158122	0.000592
0.155721	-0.000616
0.152645	0.000642
0.149481	-0.000671
0.146089	0.000703
0.143580	-0.000738
0.140554	0.000777
0.135858	-0.000821
0.132279	0.000870
0.128715	-0.000926
0.124215	0.000990
0.118182	-0.001062
0.111756	0.001146
0.106352	-0.001244
0.101400	0.001359
0.097160	-0.001496
0.092536	0.001662
0.086870	-0.001865
0.078945	0.002120
0.071331	-0.002445
0.065183	0.002873
0.058093	-0.003456
0.051697	0.004286
0.045064	-0.005539
0.037424	0.007584
0.029706	-0.011330
0.021377	0.019540
0.013972	-0.044338
0.004894	0.207599
0.002832	2.986493
0.010846	3.167843
0.017397	3.132945
0.026939	3.145128
0.036551	3.140081
0.046812	3.142154
0.057828	3.141527
0.071511	3.141382
0.081919	3.141964
0.088212	3.141126
0.094538	3.142116
0.101566	3.141036
0.109050	3.142168
0.118395	3.141009
0.128739	3.142179
0.140799	3.141007
0.152347	3.142174
0.161536	3.141017
0.170955	3.142161
0.183339	3.141031
0.192569	3.142146
0.200660	3.141047
0.208351	3.142131
0.217285	3.141062
0.226818	3.142116
0.235967	3.141077
0.244238	3.142102
0.251897	3.141090
0.260235	3.142089
0.268117	3.141102
0.275880	3.142077
0.283394	3.141113
0.290642	3.142067
0.297574	3.141123
0.304678	3.142058
0.310249	3.141132
0.314110	3.142049
0.321847	3.141140
0.325516	3.142042
0.329511	3.141146
0.336696	3.142036
0.343409	3.141152
0.348547	3.142030
0.353275	3.141158
0.356600	3.142025
0.357094	3.141162
0.355121	3.142021
0.353583	3.141166
0.357515	3.142018
0.362238	3.141169
0.361561	3.142015
0.361124	3.141172
0.365229	3.142012
0.368445	3.141174
0.367921	3.142010
0.369823	3.141176
0.373226	3.142009
0.375451	3.141177
0.377607	3.142007
0.379701	3.141178
0.379116	3.142007
0.376681	3.141179
0.378482	3.142006
0.378131	3.141179
0.376754	3.142006
0.376719	3.141179
0.377162	3.142006
0.377196	3.141179
0.376173	3.142007
0.375304	3.141178
0.377344	3.142007
0.375622	3.141178
0.371598	3.142008
0.370172	3.141176
0.365554	3.142009
0.361680	3.141175
0.362603	3.142011
0.360017	3.141174
0.352329	3.142013
0.347631	3.141172
0.345482	3.142014
0.341380	3.141170
0.338235	3.142016
0.335328	3.141168
0.330186	3.142019
0.323980	3.141165
0.321611	3.142021
0.321410	3.141163
0.320315	3.142024
0.312894	3.141160
0.306535	3.142026
0.300699	3.141157
0.294492	3.142029
0.289994	3.141154
0.287273	3.142032
0.283418	3.141151
0.279036	3.142036
0.272452	3.141148
0.265637	3.142039
0.260739	3.141145
0.257508	3.142042
0.251755	3.141141
0.244911	3.142046
0.238622	3.141137
0.233020	3.142050
0.227833	3.141134
0.223113	3.142054
0.219296	3.141130
0.215407	3.142058
0.210065	3.141126
0.204589	3.142062
0.200107	3.141121
0.195183	3.142066
0.190213	3.141117
0.186157	3.142071
0.182973	3.141113
0.178722	3.142075
0.174065	3.141108
0.169877	3.142080
0.166215	3.141103
0.162551	3.142084
0.158668	3.141098
0.154397	3.142089
0.150651	3.141093
0.147537	3.142094
0.144592	3.141088
0.141477	3.142099
0.138005	3.141083
0.134442	3.142105
0.131377	3.141078
0.128445	3.142110
0.126728	3.141073
0.124516	3.142116
0.123057	3.141067
0.120842	3.142121
0.118320	3.141061
0.116221	3.142127
0.114437	3.141056
0.113398	3.142133
0.112932	3.141050
0.112958	3.142139
0.113918	3.141044
0.114470	3.142145
0.110997	3.141037
0.109836	3.142151
0.111073	3.141031
0.110447	3.142157
0.109536	3.141025
0.109959	3.142164
0.110352	3.141018
0.110399	3.142170
0.110879	3.141012
0.111426	3.142177
0.112229	3.141005
0.113591	3.142184
0.115537	3.140998
0.117784	3.142191
0.120395	3.140991
0.121703	3.142198
0.123739	3.140984
0.127699	3.142205
0.131564	3.140976
0.135306	3.142213
0.138900	3.140969
0.142811	3.142220
0.147046	3.140961
0.151282	3.142228
0.155343	3.140954
0.159189	3.142236
0.162529	3.140946
0.167165	3.142244
0.171909	3.140938
0.175871	3.142252
0.180356	3.140929
0.185361	3.142260
0.190861	3.140921
0.196415	3.142269
0.202235	3.140912
0.208201	3.142277
0.213799	3.140904
0.219491	3.142286
0.225256	3.140895
0.231356	3.142295
0.237614	3.140886
0.243990	3.142304
0.250056	3.140877
0.256428	3.142313
0.260644	3.140867
0.266562	3.142323
0.274101	3.140858
0.278655	3.142332
0.283639	3.140848
0.290264	3.142342
0.298118	3.140838
0.305198	3.142352
0.311712	3.140828
0.317897	3.142363
0.323596	3.140817
0.327911	3.142373
0.332045	3.140807
0.335949	3.142384
0.340013	3.140796
0.344276	3.142395
0.349344	3.140785
0.354185	3.142406
0.358540	3.140774
0.361526	3.142417
0.363366	3.140762
0.366216	3.142429
0.369526	3.140751
0.372503	3.142441
0.375863	3.140739
0.379334	3.142453
0.382510	3.140726
0.384357	3.142465
0.386146	3.140714
0.387656	3.142478
0.388961	3.140701
0.389663	3.142491
0.389949	3.140688
0.388585	3.142504
0.386274	3.140675
0.384595	3.142517
0.385416	3.140661
0.387863	3.142531
0.387357	3.140647
0.385209	3.142545
0.381787	3.140633
0.379407	3.142559
0.377405	3.140619
0.373634	3.142574
0.369326	3.140604
0.367605	3.142589
0.364935	3.140588
0.359715	3.142605
0.353903	3.140573
0.349789	3.142620
0.346688	3.140557
0.342446	3.142637
0.337921	3.140541
0.334183	3.142653
0.327252	3.140524
0.323428	3.142670
0.322446	3.140507
0.320818	3.142687
0.318249	3.140489
0.313803	3.142705
0.310798	3.140471
0.307448	3.142724
0.303304	3.140452
0.298540	3.142742
0.293662	3.140434
0.288765	3.142761
0.284269	3.140414
0.280135	3.142781
0.276722	3.140394
0.274364	3.142801
0.273082	3.140374
0.272243	3.142822
0.271577	3.140352
0.270438	3.142844
0.268495	3.140331
0.265754	3.142865
0.263821	3.140309
0.264433	3.142888
0.267257	3.140286
0.269472	3.142911
0.271051	3.140262
0.272007	3.142935
0.273206	3.140238
0.273549	3.142960
0.272463	3.140213
0.270964	3.142985
0.270372	3.140188
0.271420	3.143011
0.277312	3.140161
0.283411	3.143038
0.286925	3.140134
0.289362	3.143065
0.290900	3.140106
0.292178	3.143093
0.294839	3.140077
0.299362	3.143123
0.303525	3.140047
0.305733	3.143153
0.305793	3.140017
0.309115	3.143184
0.313325	3.139985
0.316778	3.143217
0.319090	3.139952
0.319468	3.143250
0.319200	3.139918
0.320356	3.143284
0.321978	3.139883
0.323389	3.143320
0.323687	3.139847
0.324734	3.143357
0.325851	3.139810
0.325165	3.143395
0.322801	3.139771
0.320753	3.143434
0.323459	3.139731
0.326700	3.143475
0.328043	3.139689
0.328863	3.143518
0.330663	3.139646
0.332963	3.143562
0.334024	3.139601
0.334512	3.143608
0.333859	3.139554
0.335508	3.143655
0.338887	3.139506
0.338897	3.143704
0.338324	3.139455
0.337374	3.143756
0.339049	3.139403
0.342161	3.143809
0.343684	3.139348
0.344709	3.143865
0.344510	3.139291
0.343808	3.143923
0.343466	3.139232
0.342719	3.143984
0.341697	3.139170
0.340718	3.144047
0.340053	3.139105
0.340073	3.144114
0.340793	3.139037
0.340841	3.144183
0.340037	3.138966
0.338732	3.144256
0.337206	3.138892
0.335704	3.144332
0.334425	3.138814
0.333773	3.144412
0.332769	3.138732
0.331056	3.144496
0.328862	3.138646
0.326267	3.144584
0.323691	3.138555
0.323904	3.144677
0.327096	3.138460
0.329126	3.144775
0.328438	3.138359
0.325790	3.144879
0.322304	3.138253
0.320925	3.144988
0.320976	3.138140
0.321118	3.145104
0.321486	3.138021
0.321226	3.145227
0.319910	3.137894
0.318472	3.145358
0.317452	3.137759
0.316888	3.145497
0.316955	3.137616
0.317429	3.145645
0.317796	3.137463
0.318359	3.145803
0.319219	3.137299
0.320229	3.145972
0.321063	3.137124
0.321293	3.146154
0.320858	3.136936
0.319767	3.146349
0.318349	3.136733
0.318965	3.146560
0.320555	3.136514
0.319131	3.146787
0.313913	3.136277
0.308909	3.147034
0.305592	3.136020
0.305405	3.147302
0.307333	3.135740
0.309001	3.147595
0.310326	3.135434
0.310520	3.147915
0.310063	3.135098
0.309609	3.148268
0.308811	3.134728
0.307327	3.148657
0.305471	3.134317
0.303991	3.149090
0.303369	3.133861
0.301754	3.149573
0.298332	3.133349
0.293339	3.150116
0.288736	3.132772
0.285026	3.150729
0.281657	3.132118
0.277441	3.151429
0.272427	3.131368
0.267556	3.152234
0.262393	3.130502
0.255046	3.153169
0.249341	3.129490
0.244324	3.154268
0.238613	3.128292
0.232370	3.155579
0.225550	3.126852
0.218308	3.157168
0.211229	3.125090
0.204320	3.159132
0.196462	3.122886
0.187387	3.161623
0.177293	3.120049
0.166167	3.164882
0.154068	3.116266
0.140839	3.169327
0.126534	3.110971
0.111343	3.175742
0.097440	3.103039
0.086522	3.185800
0.076485	3.089869
0.066023	3.203790
0.054982	3.063816
0.043089	3.244915
0.030058	2.989071
0.015335	3.424811
0.002857	1.282695
0.013595	-0.282185
0.029523	0.154335
0.044514	-0.105679
0.060028	0.080326
0.074989	-0.064836
0.090197	0.054412
0.105338	-0.046927
0.121225	0.041294
0.137422	-0.036904
0.153619	0.033388
0.169119	-0.030510
0.184115	0.028110
0.198396	-0.026080
0.212568	0.024340
0.226787	-0.022834
0.240972	0.021516
0.255049	-0.020354
0.269231	0.019323
0.282989	-0.018401
0.296033	0.017572
0.308313	-0.016824
0.320259	0.016144
0.332091	-0.015525
0.344264	0.014959
0.356219	-0.014439
0.368480	0.013960
0.380982	-0.013517
0.393876	0.013108
0.406622	-0.012727
0.417700	0.012373
0.425834	-0.012043
0.431546	0.011735
0.435122	-0.011446
0.437215	0.011175
0.437978	-0.010921
0.438142	0.010682
0.438660	-0.010457
0.440155	0.010245
0.441573	-0.010045
0.442832	0.009856
0.443651	-0.009677
0.444160	0.009507
0.444125	-0.009347
0.443982	0.009195
0.444242	-0.009051
0.445195	0.008914
0.445455	-0.008784
0.442377	0.008661
0.437771	-0.008543
0.433477	0.008432
0.427926	-0.008326
0.422565	0.008225
0.417061	-0.008129
0.411490	0.008038
0.405488	-0.007951
0.399148	0.007868
0.392175	-0.007790
0.384756	0.007716
0.376763	-0.007645
0.368414	0.007578
0.359605	-0.007514
0.350570	0.007454
0.341252	-0.007397
0.331916	0.007343
0.322555	-0.007292
0.313265	0.007244
0.303440	-0.007198
0.293499	0.007156
0.283580	-0.007116
0.273925	0.007079
0.264616	-0.007044
0.255728	0.007012
0.246727	-0.006982
0.236234	0.006955
0.224294	-0.006930
0.212670	0.006908
0.201300	-0.006888
0.190474	0.006870
0.180063	-0.006855
0.170398	0.006842
0.161264	-0.006831
0.152771	0.006823
0.144541	-0.006817
0.136657	0.006815
0.128762	-0.006815
0.121374	0.006818
0.112538	-0.006824
0.103197	0.006835
0.094801	-0.006850
0.086396	0.006870
0.078085	-0.006898
0.069927	0.006934
0.062027	-0.006984
0.054480	0.007051
0.047645	-0.007144
0.041744	0.007278
0.036880	-0.007480
0.032414	0.007798
0.028085	-0.008335
0.023144	0.009324
0.017672	-0.011376
0.011892	0.016487
0.006800	-0.033995
0.001936	0.162104
0.001587	2.924270
0.005823	3.194864
0.009468	3.113192
0.013085	3.161823
0.016141	3.125025
0.019670	3.156223
0.023484	3.128087
0.027788	3.154411
0.031658	3.129198
0.035255	3.153733
0.038055	3.129587
0.040388	3.153551
0.041846	3.129612
0.042924	3.153653
0.043166	3.129401
0.042866	3.153962
0.041883	3.129001
0.041083	3.154451
0.041251	3.128421
0.042073	3.155127
0.042263	3.127642
0.041874	3.156018
0.040534	3.126625
0.038595	3.157180
0.036102	3.125297
0.034353	3.158704
0.033423	3.123539
0.032732	3.160746
0.031208	3.121147
0.028915	3.163577
0.025386	3.117751
0.022035	3.167714
0.019987	3.112612
0.019060	3.174258
0.017952	3.104012
0.016455	3.186042
0.014194	3.086904
0.011586	3.213082
0.008275	3.037871
0.004746	3.328761
0.000894	2.440612
0.003862	-0.149702
0.009212	0.090410
0.014523	-0.062607
0.020295	0.047349
0.026191	-0.037818
0.032213	0.031329
0.037915	-0.026637
0.043074	0.023091
0.048107	-0.020320
0.053604	0.018097
0.060069	-0.016275
0.067523	0.014755
0.076138	-0.013469
0.085291	0.012366
0.094180	-0.011412
0.102830	0.010578
0.111918	-0.009843
0.121211	0.009190
0.130680	-0.008608
0.140200	0.008084
0.150084	-0.007612
0.160390	0.007183
0.171128	-0.006793
0.181824	0.006436
0.193261	-0.006108
0.204901	0.005807
0.216531	-0.005528
0.228089	0.005270
0.239800	-0.005031
0.251664	0.004808
0.263940	-0.004601
0.276789	0.004407
0.290583	-0.004225
0.304924	0.004055
0.319401	-0.003894
0.334018	0.003744
0.349217	-0.003602
0.364852	0.003468
0.381153	-0.003341
0.397836	0.003221
0.414514	-0.003107
0.430279	0.002999
0.444655	-0.002897
0.458049	0.002799
0.471576	-0.002706
0.485343	0.002618
0.499475	-0.002534
0.513831	0.002453
0.528918	-0.002376
0.544537	0.002303
0.560614	-0.002232
0.576907	0.002165
0.593540	-0.002101
0.610288	0.002039
0.627240	-0.001979
0.644129	0.001922
0.661022	-0.001868
0.677615	0.001815
0.693951	-0.001764
0.709678	0.001716
0.724949	-0.001669
0.740056	0.001623
0.755224	-0.001580
0.770054	0.001538
0.784688	-0.001497
0.798881	0.001458
0.812768	-0.001420
0.826118	0.001384
0.839076	-0.001349
0.851427	0.001314
0.863331	-0.001281
0.874617	0.001250
0.885448	-0.001219
0.895344	0.001189
0.904693	-0.001160
0.913555	0.001132
0.922186	-0.001104
0.930518	0.001078
0.938828	-0.001052
0.947044	0.001028
0.955162	-0.001004
0.962361	0.000980
0.968901	-0.000957
0.975390	0.000935
0.981553	-0.000914
0.986975	0.000893
0.991816	-0.000873
0.995790	0.000853
0.998734	-0.000834
1.000000	0.000816
0.999847	-0.000798
0.998284	0.000780
0.996968	-0.000763
0.995650	0.000746
0.993772	-0.000730
0.991334	0.000714
0.988553	-0.000699
0.985338	0.000684
0.981869	-0.000669
0.978037	0.000655
0.974020	-0.000641
0.969691	0.000627
0.965232	-0.000614
0.960508	0.000601
0.955718	-0.000589
0.950903	0.000577
0.946300	-0.000565
0.941662	0.000553
0.936912	-0.000542
0.931752	0.000531
0.925561	-0.000520
0.917972	0.000509
0.909543	-0.000499
0.900379	0.000489
0.890954	-0.000479
0.881189	0.000470
0.871385	-0.000460
0.861466	0.000451
0.851764	-0.000442
0.842229	0.000433
0.832926	-0.000425
0.823422	0.000417
0.814102	-0.000408
0.805054	0.000400
0.796045	-0.000393
0.786190	0.000385
0.775848	-0.000378
0.764926	0.000370
0.753832	-0.000363
0.742512	0.000356
0.731057	-0.000350
0.719342	0.000343
0.707864	-0.000336
0.696488	0.000330
0.685508	-0.000324
0.674715	0.000318
0.664306	-0.000312
0.654037	0.000306
0.644090	-0.000300
0.634201	0.000295
0.624530	-0.000289
0.614873	0.000284
0.605542	-0.000279
0.596255	0.000274
0.587218	-0.000269
0.578219	0.000264
0.569490	-0.000259
0.560805	0.000255
0.552395	-0.000250
0.544024	0.000246
0.535966	-0.000241
0.528134	0.000237
0.520869	-0.000233
0.513851	0.000229
0.506920	-0.000225
0.499939	0.000221
0.493450	-0.000217
0.487324	0.000214
0.481732	-0.000210
0.476299	0.000206
0.471209	-0.000203
0.466310	0.000199
0.461816	-0.000196
0.457408	0.000193
0.453221	-0.000190
0.448998	0.000187
0.445253	-0.000184
0.441789	0.000181
0.438697	-0.000178
0.435630	0.000175
0.432665	-0.000172
0.429526	0.000170
0.426475	-0.000167
0.423309	0.000164
0.420295	-0.000162
0.417227	0.000159
0.414382	-0.000157
0.411585	0.000155
0.409123	-0.000152
0.406824	0.000150
0.404983	-0.000148
0.403349	0.000146
0.402137	-0.000144
0.401080	0.000142
0.400389	-0.000140
0.399808	0.000138
0.399637	-0.000136
0.399635	0.000134
0.400035	-0.000133
0.400580	0.000131
0.401502	-0.000129
0.402542	0.000128
0.403935	-0.000126
0.405427	0.000125
0.407274	-0.000123
0.409225	0.000122
0.411534	-0.000120
0.413949	0.000119
0.416726	-0.000118
0.419607	0.000117
0.422848	-0.000115
0.426190	0.000114
0.429881	-0.000113
0.433658	0.000112
0.437785	-0.000111
0.441999	0.000110
0.446526	-0.000109
0.450991	0.000108
0.455553	-0.000107
0.459942	0.000106
0.464425	-0.000105
0.468757	0.000105
0.473227	-0.000104
0.477584	0.000103
0.482120	-0.000102
0.486582	0.000102
0.491261	-0.000101
0.495898	0.000101
0.500782	-0.000100
0.505651	0.000100
0.510791	-0.000099
0.515931	0.000099
0.521353	-0.000098
0.526779	0.000098
0.532491	-0.000097
0.538237	0.000097
0.544317	-0.000097
0.550318	0.000097
0.556390	-0.000096
0.562244	0.000096
0.568188	-0.000096
0.573950	0.000096
0.579835	-0.000096
0.585556	0.000096
0.591415	-0.000096
0.597120	0.000096
0.602972	-0.000096
0.608662	0.000096
0.614459	-0.000096
0.620025	0.000096
0.625641	-0.000096
0.630967	0.000096
0.636403	-0.000096
0.641770	0.000096
0.647321	-0.000097
0.652709	0.000097
0.658193	-0.000097
0.663425	0.000098
0.668679	-0.000098
0.673634	0.000098
0.678585	-0.000099
0.683206	0.000099
0.687791	-0.000100
0.692010	0.000100
0.696155	-0.000101
0.699938	0.000101
0.703732	-0.000102
0.707206	0.000102
0.710681	-0.000103
0.713822	0.000104
0.716953	-0.000104
0.719743	0.000105
0.722519	-0.000106
0.724950	0.000106
0.727366	-0.000107
0.729434	0.000108
0.731488	-0.000109
0.733194	0.000110
0.734874	-0.000111
0.736164	0.000112
0.737378	-0.000112
0.738159	0.000113
0.738832	-0.000114
0.739290	0.000115
0.740009	-0.000116
0.740548	0.000118
0.741071	-0.000119
0.741016	0.000120
0.740767	-0.000121
0.739954	0.000122
0.738965	-0.000123
0.737466	0.000125
0.735895	-0.000126
0.733885	0.000127
0.731836	-0.000129
0.729375	0.000130
0.726902	-0.000131
0.724038	0.000133
0.721183	-0.000134
0.717951	0.000136
0.714743	-0.000137
0.711167	0.000139
0.707628	-0.000140
0.703734	0.000142
0.699890	-0.000143
0.695691	0.000145
0.691546	-0.000147
0.687048	0.000148
0.682609	-0.000150
0.677817	0.000152
0.673091	-0.000154
0.668019	0.000156
0.663050	-0.000157
0.657773	0.000159
0.652620	-0.000161
0.647167	0.000163
0.641851	-0.000165
0.636244	0.000167
0.630789	-0.000169
0.625054	0.000171
0.619494	-0.000174
0.613663	0.000176
0.608018	-0.000178
0.602109	0.000180
0.596399	-0.000182
0.590430	0.000185
0.584731	-0.000187
0.578912	0.000189
0.573429	-0.000192
0.567805	0.000194
0.562497	-0.000197
0.557016	0.000199
0.551825	-0.000202
0.546422	0.000205
0.541269	-0.000207
0.535853	0.000210
0.530669	-0.000213
0.525219	0.000215
0.520009	-0.000218
0.514533	0.000221
0.509305	-0.000224
0.503812	0.000227
0.498577	-0.000230
0.493078	0.000233
0.487845	-0.000236
0.482349	0.000239
0.477129	-0.000242
0.471646	0.000245
0.466444	-0.000249
0.460976	0.000252
0.455800	-0.000255
0.450359	0.000259
0.445231	-0.000262
0.439883	0.000266
0.434889	-0.000269
0.429669	0.000273
0.424799	-0.000277
0.419692	0.000280
0.414948	-0.000284
0.409974	0.000288
0.405370	-0.000292
0.400532	0.000296
0.396096	-0.000300
0.391456	0.000304
0.387234	-0.000308
0.382799	0.000312
0.378788	-0.000316
0.374556	0.000321
0.370750	-0.000325
0.366709	0.000330
0.363083	-0.000334
0.359199	0.000339
0.355729	-0.000343
0.351988	0.000348
0.348663	-0.000353
0.345054	0.000358
0.341864	-0.000363
0.338377	0.000368
0.335312	-0.000373
0.331937	0.000378
0.328987	-0.000383
0.325715	0.000389
0.322871	-0.000394
0.319692	0.000400
0.316946	-0.000405
0.313851	0.000411
0.311193	-0.000417
0.308174	0.000423
0.305596	-0.000429
0.302643	0.000435
0.300138	-0.000441
0.297245	0.000447
0.294811	-0.000454
0.291977	0.000460
0.289610	-0.000467
0.286828	0.000473
0.284521	-0.000480
0.281783	0.000487
0.279529	-0.000494
0.276828	0.000501
0.274620	-0.000509
0.271949	0.000516
0.269780	-0.000524
0.267130	0.000531
0.264993	-0.000539
0.262358	0.000547
0.260248	-0.000555
0.257622	0.000564
0.255534	-0.000572
0.252911	0.000581
0.250842	-0.000589
0.248217	0.000598
0.246161	-0.000607
0.243530	0.000617
0.241485	-0.000626
0.238843	0.000636
0.236807	-0.000645
0.234150	0.000655
0.232119	-0.000666
0.229445	0.000676
0.227419	-0.000686
0.224723	0.000697
0.222700	-0.000708
0.219981	0.000720
0.217963	-0.000731
0.215219	0.000743
0.213205	-0.000755
0.210435	0.000767
0.208427	-0.000779
0.205631	0.000792
0.203632	-0.000805
0.200809	0.000818
0.198823	-0.000832
0.195976	0.000846
0.194008	-0.000860
0.191138	0.000874
0.189195	-0.000889
0.186304	0.000904
0.184394	-0.000920
0.181486	0.000936
0.179616	-0.000952
0.176694	0.000969
0.174875	-0.000986
0.171942	0.001003
0.170186	-0.001021
0.167247	0.001040
0.165567	-0.001059
0.162625	0.001078
0.161037	-0.001098
0.158097	0.001118
0.156619	-0.001139
0.153684	0.001161
0.152336	-0.001183
0.149411	0.001206
0.148216	-0.001229
0.145302	0.001253
0.144289	-0.001278
0.141383	0.001303
0.140583	-0.001329
0.137680	0.001356
0.137132	-0.001384
0.134219	0.001413
0.133972	-0.001442
0.131024	0.001473
0.131140	-0.001504
0.128113	0.001537
0.128682	-0.001570
0.125498	0.001605
0.126652	-0.001641
0.123164	0.001678
0.125133	-0.001717
0.121048	0.001756
0.124294	-0.001798
0.118907	0.001841
0.124670	-0.001885
0.115541	0.001931
0.130111	-0.001980
