2055
0.030816	0.032681
0.000000	-0.009649
0.004383	0.006377
0.000000	-0.005145
0.002459	0.004523
0.000000	-0.004161
0.001794	0.003933
0.000000	-0.003785
0.001466	0.003687
0.000000	-0.003624
0.001277	0.003585
0.000000	-0.003566
0.001159	0.003562
0.000000	-0.003569
0.001084	0.003587
0.000000	-0.003614
0.001035	0.003649
0.000000	-0.003691
0.001007	0.003740
0.000000	-0.003795
0.000994	0.003856
0.000000	-0.003924
0.000994	0.003998
0.000000	-0.004079
0.001006	0.004166
0.000000	-0.004259
0.001031	0.004360
0.000000	-0.004469
0.001068	0.004585
0.000000	-0.004710
0.001120	0.004844
0.000000	-0.004988
0.001190	0.005143
0.000000	-0.005310
0.001283	0.005489
0.000000	-0.005682
0.001408	0.005891
0.000000	-0.006117
0.001579	0.006361
0.000000	-0.006626
0.001820	0.006913
0.000000	-0.007224
0.002180	0.007561
0.000000	-0.007924
0.002765	0.008310
0.000000	-0.008714
0.003857	0.009116
0.000000	-0.009477
0.006297	0.009761
0.000000	-0.011306
0.306192	-0.164103
0.394760	-0.231973
0.357214	-0.150913
0.323206	-0.164639
0.245267	-0.060742
0.167077	-0.074196
0.078250	0.117420
0.015954	0.470253
0.047822	-2.799643
0.091990	-2.698634
0.100121	-2.458487
0.102132	-2.245283
0.080841	-1.897381
0.063289	-1.505070
0.049447	-0.834726
0.042153	-0.256805
0.033064	0.819741
0.043216	1.617233
0.065331	2.769380
0.104009	1.948169
0.145426	-3.134696
0.189857	-2.512882
0.226771	-2.563390
0.257805	-2.132349
0.273073	-2.145329
0.276933	-1.773268
0.267633	-1.792777
0.248642	-1.460573
0.216531	-1.512473
0.180293	-1.185894
0.136760	-1.302441
0.094331	-0.983421
0.056483	-1.313478
0.028668	-1.327166
0.023279	-2.917610
0.038645	-2.077254
0.048974	2.872092
0.055336	3.528728
0.052800	0.537169
0.047134	-3.860307
0.034783	-2.554897
0.023964	-3.570696
0.007994	-2.036267
0.005074	0.649044
0.017969	0.136856
0.028935	0.178369
0.037118	0.205983
0.042509	0.120425
0.045052	0.205049
0.046617	0.077566
0.043613	0.195595
0.038575	0.030867
0.030011	0.202894
0.020677	-0.026547
0.008136	0.333436
0.003670	-2.179599
0.017189	-3.205121
0.030521	-2.901000
0.041976	-3.031194
0.051442	-2.892605
0.054172	-2.989200
0.053636	-2.844806
0.048536	-3.037423
0.036693	-2.459606
0.020407	2.575358
0.026748	1.685282
0.055446	1.373712
0.089557	1.239629
0.126997	1.357228
0.164818	1.342223
0.200075	1.578553
0.228652	1.568198
0.245100	1.860102
0.252692	1.832232
0.250809	2.193750
0.239775	2.098291
0.215787	2.610466
0.180827	2.342081
0.140901	3.330314
0.097023	1.013551
0.057010	-3.287287
0.028253	-1.641104
0.030472	-0.795575
0.045950	0.126838
0.052828	0.343125
0.056051	0.957245
0.053640	1.348108
0.057006	2.005375
0.067144	2.408494
0.074820	2.780228
0.068553	2.807164
0.050402	-2.750609
0.013182	-2.257400
0.040554	0.483949
0.113942	-0.026137
0.182170	0.463298
0.249851	0.214456
0.295398	0.543323
0.327889	0.294309
0.334982	0.539293
0.313200	0.289028
0.272473	0.504676
0.214377	0.220369
0.142156	0.381667
0.074524	0.073082
0.015529	-0.364278
0.028221	-3.649117
0.058933	0.685509
0.065776	3.368153
0.063464	2.354646
0.053306	2.307384
0.050377	1.432488
0.054199	1.062646
0.057836	0.441196
0.055065	0.264652
0.046734	-0.218811
0.024573	-0.534050
0.017392	-2.329048
0.050914	2.136597
0.090344	2.959308
0.131989	2.335965
0.167959	2.383434
0.193525	2.004860
0.212177	1.979383
0.224514	1.678308
0.229787	1.643981
0.222620	1.373821
0.203864	1.336256
0.180780	1.081751
0.150959	1.064949
0.119091	0.865141
0.086135	0.887514
0.055208	0.750190
0.025165	0.964738
0.012794	2.010609
0.026855	3.040766
0.040154	2.869673
0.048630	3.125209
0.052295	2.831312
0.050785	3.106943
0.046394	2.726826
0.039317	3.152387
0.029821	2.551047
0.019571	3.580542
0.009130	-0.078229
0.003480	-2.294192
0.010637	-0.155199
0.018338	-0.736629
0.025035	-0.138079
0.029510	-0.475133
0.033064	-0.054258
0.035061	-0.330219
0.035938	0.021137
0.034423	-0.241322
0.032012	0.100909
0.027142	-0.204006
0.020771	0.177601
0.010755	-0.315749
0.002657	1.541090
0.010934	3.152282
0.022798	3.034133
0.033346	2.984056
0.044317	3.027650
0.050166	2.810077
0.051486	3.060649
0.048574	2.583912
0.041395	3.420984
0.026239	0.355451
0.017616	-2.911190
0.036285	-1.090379
0.069990	-1.676553
0.106818	-1.202718
0.145174	-1.695215
0.180742	-1.433794
0.213820	-1.895821
0.239131	-1.727477
0.257611	-2.186242
0.265071	-2.045183
0.263932	-2.540706
0.247806	-2.379860
0.225492	-3.049957
0.200287	-2.276712
0.173707	2.777792
0.139982	2.785699
0.109654	2.316084
0.077452	2.105359
0.047446	1.588867
0.018124	0.778536
0.028105	-1.274685
0.063120	-1.525276
0.098969	-2.100281
0.122782	-1.909147
0.133073	-2.511364
0.123567	-2.048908
0.094205	-3.120641
0.037080	-0.684869
0.038621	1.747060
0.123985	0.482590
0.210514	0.813101
0.291218	0.535114
0.353368	0.661674
0.392352	0.587751
0.394271	0.624365
0.365974	0.694622
0.317502	0.650033
0.249392	0.910962
0.165446	0.737402
0.077956	1.721405
0.040305	0.646929
0.083236	-3.082761
0.128190	-1.989739
0.143412	-2.340037
0.138463	-1.777856
0.119664	-1.977455
0.088230	-1.473816
0.034479	-1.621331
0.015460	1.055970
0.069783	2.122736
0.117488	2.237264
0.167100	2.448507
0.207418	2.633130
0.243223	2.866823
0.269243	2.854883
0.289055	-2.481961
0.299178	-2.954101
0.302363	-2.571354
0.292893	-2.515113
0.276780	-2.246848
0.251814	-2.180341
0.219439	-1.953652
0.182327	-1.909217
0.144527	-1.657213
0.103170	-1.690483
0.064160	-1.370539
0.028631	-1.642009
0.005498	0.345411
0.022032	2.149411
0.042465	1.822298
0.053118	2.106834
0.058820	1.957197
0.058051	2.095905
0.054411	1.953446
0.047224	1.980728
0.039768	1.744416
0.033039	1.574094
0.029918	1.162443
0.028566	0.860458
0.029833	0.466307
0.032310	0.300670
0.034205	0.106044
0.031884	-0.003964
0.029611	-0.222417
0.027723	-0.492496
0.026705	-0.886146
0.028493	-1.232592
0.034167	-1.525734
0.040408	-1.698654
0.046977	-1.818481
0.050344	-1.907160
0.050637	-1.893153
0.048010	-1.965049
0.040719	-1.840444
0.027668	-2.092780
0.007573	-1.342894
0.015993	1.741466
0.047970	1.424944
0.081110	1.769502
0.118321	1.624443
0.152995	1.918279
0.188065	1.849572
0.217767	2.151029
0.243022	2.101574
0.261089	2.434618
0.271430	2.370403
0.268844	2.780747
0.260937	2.639911
0.246103	3.250460
0.226287	-1.885374
0.198390	-3.182726
0.168828	-2.487117
0.135976	-2.512826
0.101740	-2.085625
0.065582	-1.949419
0.027959	-1.448001
0.013045	0.416278
0.047475	1.741154
0.081444	1.655881
0.111867	2.128412
0.123763	1.968359
0.126440	2.503554
0.109928	2.161994
0.077406	3.086994
0.025274	0.341660
0.034435	-1.520738
0.111264	-0.222625
0.185282	-0.730560
0.255505	-0.226304
0.305213	-0.564421
0.343138	-0.209871
0.355623	-0.513962
0.343535	-0.211273
0.310188	-0.558740
0.261377	-0.217730
0.188373	-0.654879
0.115635	-0.195345
0.043307	-1.284649
0.019735	-0.203876
0.068293	2.990567
0.100420	2.224196
0.116262	2.424740
0.114087	2.056791
0.104859	2.024175
0.082186	1.697796
0.056395	1.457777
0.026496	0.819031
0.017423	-0.749036
0.038689	-1.816445
0.065374	-2.114043
0.091786	-2.426768
0.119886	-2.835640
0.150235	-2.523060
0.178190	2.832358
0.200801	2.768509
0.221618	2.602098
0.238444	2.357962
0.248998	2.256759
0.249428	2.041560
0.241325	1.957833
0.225410	1.764942
0.204736	1.685536
0.179093	1.517211
0.150057	1.466869
0.118292	1.345344
0.086983	1.329805
0.057228	1.249256
0.029762	1.399825
0.011317	1.768625
0.016891	-2.476460
0.029098	-2.809513
0.037136	-2.584885
0.040986	-2.698434
0.040281	-2.557667
0.036682	-2.626447
0.031477	-2.485983
0.024101	-2.434042
0.016793	-2.028246
0.013484	-1.470129
0.016714	-0.770964
0.023436	-0.530711
0.030293	-0.301227
0.035613	-0.299874
0.038967	-0.162283
0.040049	-0.186926
0.038982	-0.040441
0.035710	-0.052281
0.030687	0.176810
0.025373	0.345877
0.021786	0.824189
0.021990	1.183108
0.027466	1.648060
0.035954	1.746555
0.043463	1.936062
0.047983	1.838987
0.048377	1.953929
0.047100	1.792043
0.041029	1.890284
0.030626	1.681923
0.009976	1.700171
0.011079	-1.178557
0.041023	-1.685721
0.071228	-1.840998
0.106652	-1.852484
0.140294	-2.094309
0.174951	-2.059800
0.207681	-2.410811
0.237672	-2.307256
0.260996	-2.779414
0.280628	-2.521180
0.295985	-3.361751
0.305150	-1.632507
0.300285	3.256229
0.287850	2.694215
0.270387	2.702416
0.244230	2.460806
0.206519	2.285516
0.162174	2.186586
0.113787	1.850531
0.056953	1.952971
0.013784	0.162808
0.049188	-1.487846
0.088550	-1.567119
0.113255	-1.669192
0.127672	-1.986613
0.125937	-1.813895
0.099194	-2.927340
0.078556	0.079054
0.097131	3.028044
0.157064	1.533732
0.236259	1.952353
0.318206	1.425890
0.389671	1.751555
0.439392	1.430872
0.466426	1.661023
0.464615	1.475273
0.433268	1.693034
0.383003	1.634956
0.314379	1.809221
0.234431	1.918685
0.158602	2.112292
0.099428	2.816947
0.079077	-1.447546
0.094267	-2.628576
0.113750	-1.530366
0.118614	-1.782623
0.098072	-1.086932
0.069592	-1.071320
0.038466	0.152107
0.056767	1.235246
0.115230	1.932748
0.175062	1.919902
0.232430	2.300363
0.281193	2.292401
0.324490	2.620937
0.355916	2.632622
0.374198	2.854624
0.377278	3.039105
0.373070	2.445203
0.359830	-3.190760
0.335355	-2.732605
0.302324	-3.031096
0.261961	-2.515508
0.218660	-2.849845
0.174344	-2.331204
0.132117	-2.807051
0.091948	-2.238870
0.056757	-3.234384
0.031804	1.465537
0.033220	2.489849
0.051535	1.677583
0.068540	1.739481
0.080033	1.645092
0.086116	1.634816
0.087510	1.709385
0.082816	1.611539
0.074327	1.752710
0.062783	1.572977
0.050756	1.825596
0.035434	1.481447
0.019535	2.028180
0.003895	0.353703
0.010028	-1.799653
0.027479	-1.316253
0.042490	-1.543182
0.055611	-1.421023
0.065488	-1.485875
0.076273	-1.446423
0.082225	-1.471324
0.084225	-1.471317
0.081939	-1.448005
0.077655	-1.474313
0.067960	-1.444861
0.051525	-1.539920
0.031410	-1.763878
0.022462	-2.310111
0.040616	2.521991
0.071977	2.629560
0.106810	2.595900
0.143826	2.498169
0.181940	2.722580
0.219445	2.586822
0.253147	2.986693
0.282182	2.652689
0.306331	3.504718
0.323891	1.187912
0.332992	-3.492559
0.333735	-2.647443
0.324118	-2.938281
0.307779	-2.507830
0.281309	-2.582212
0.246422	-2.281197
0.205077	-2.261331
0.156964	-2.030590
0.106289	-1.878014
0.052465	-1.684778
0.015293	-0.217071
0.046785	1.485837
0.083533	1.388835
0.107490	1.801504
0.121346	1.759374
0.123104	2.133099
0.105584	2.207776
0.082888	2.730418
0.075355	-2.152864
0.103596	-2.185097
0.160985	-1.653311
0.226992	-1.514402
0.289807	-1.417099
0.341261	-1.322902
0.377358	-1.335875
0.394305	-1.244922
0.389754	-1.336520
0.364393	-1.241121
0.321157	-1.427285
0.264423	-1.295067
0.199010	-1.683709
0.133810	-1.475133
0.080666	-2.735515
0.064411	0.342926
0.084827	3.163823
0.111192	1.772859
0.124331	2.268345
0.119180	1.575672
0.105110	1.960565
0.079049	1.280107
0.045672	1.662787
0.011893	-0.223469
0.041522	-1.809988
0.089804	-2.158357
0.131535	-2.141122
0.171178	-2.560213
0.206109	-2.350086
0.237559	-2.928288
0.260992	-2.466311
0.276682	-3.609282
0.286537	0.117333
0.288356	3.551514
0.284185	2.593636
0.273449	2.895404
0.257356	2.494350
0.237141	2.542573
0.211680	2.312861
0.183032	2.260731
0.152196	2.190892
0.121009	2.049292
0.090160	2.135360
0.060638	1.773575
0.031573	2.377977
0.008301	-0.121775
0.017323	-2.419320
0.037110	-1.407172
0.050761	-1.968577
0.062169	-1.557498
0.068406	-1.918890
0.072037	-1.605879
0.071550	-1.868122
0.069186	-1.625927
0.064356	-1.871201
0.057321	-1.631266
0.049274	-1.844757
0.041133	-1.573248
0.031274	-1.744978
0.021307	-1.421550
0.009919	-1.526690
0.003877	0.243345
0.012552	1.314953
0.023849	1.422479
0.035813	1.414083
0.047374	1.534960
0.057287	1.429026
0.067189	1.547244
0.074936	1.418272
0.077989	1.571705
0.077722	1.374086
0.074595	1.575023
0.068740	1.308608
0.056712	1.687267
0.040280	1.359821
0.025362	2.709189
0.031650	0.615865
0.059308	-3.470166
0.092038	-2.412398
0.129119	-3.042493
0.167358	-2.544174
0.208422	-3.134535
0.247621	-2.639407
0.285075	-3.559698
0.314012	1.324929
0.334842	3.430853
0.350851	2.658287
0.361508	2.918679
0.364667	2.521644
0.353568	2.607692
0.331788	2.274248
0.302189	2.297551
0.263550	1.975331
0.219632	1.944312
0.173052	1.540691
0.133374	1.380766
0.107584	0.762366
0.093755	0.455004
0.087888	-0.248408
0.085391	-0.392785
0.074596	-1.117466
0.055659	-1.240588
0.057057	-3.049279
0.105506	0.908998
0.168990	3.302194
0.246925	2.284482
0.330324	2.676113
0.409422	2.222031
0.479096	2.493969
0.533277	2.201218
0.571005	2.443234
0.588749	2.211698
0.578388	2.469305
0.546997	2.266911
0.499089	2.568111
0.436988	2.344633
0.360578	2.767611
0.275863	2.413253
0.190734	3.283385
0.114607	1.230416
0.047721	-3.127576
0.033842	-0.814289
0.078066	-0.337921
0.113058	0.249504
0.143251	0.350103
0.171240	0.775596
0.200803	0.863761
0.230832	1.244190
0.260352	1.353813
0.293344	1.725786
0.326436	1.791703
0.351977	2.121589
0.369477	2.143475
0.382885	2.452026
0.391093	2.412897
0.392320	2.739684
0.383302	2.619693
0.363252	3.018397
0.339272	2.721089
0.307958	3.448306
0.271527	1.613807
0.232192	-3.397210
0.192988	-2.849969
0.154435	-3.069828
0.117640	-2.887124
0.081870	-2.966451
0.049422	-2.946538
0.021034	1.908646
0.015959	1.821304
0.031766	0.765311
0.044066	1.031866
0.053476	0.660137
0.059384	0.845806
0.063238	0.541743
0.064376	0.666631
0.063896	0.367087
0.061891	0.427245
0.060012	0.093113
0.058786	0.114298
0.059000	-0.225229
0.059367	-0.192572
0.060144	-0.517662
0.060468	-0.439150
0.059429	-0.734903
0.055475	-0.605910
0.048422	-0.954610
0.038390	-0.873521
0.028283	-1.557425
0.024353	-1.873345
0.034858	-3.135342
0.055692	-1.922454
0.083703	3.131747
0.118536	3.086071
0.155605	2.986563
0.191461	3.322466
0.226320	-1.796591
0.258379	-3.436854
0.289966	-2.783199
0.315782	-3.075511
0.335393	-2.724302
0.351725	-2.844095
0.363759	-2.572559
0.369594	-2.621702
0.364200	-2.377875
0.347879	-2.371692
0.326683	-2.127755
0.300979	-2.085761
0.267457	-1.837630
0.228334	-1.757012
0.190391	-1.455015
0.156467	-1.276371
0.129963	-0.848187
0.110223	-0.573346
0.094710	-0.060406
0.084774	0.269311
0.076177	0.792023
0.059154	1.020281
0.042966	2.021503
0.051252	2.097101
0.093108	-2.829450
0.148624	-2.637692
0.212658	-2.513032
0.276835	-2.336137
0.341995	-2.292931
0.398746	-2.193035
0.440939	-2.187185
0.473727	-2.120180
0.491331	-2.135354
0.487888	-2.102008
0.468657	-2.138865
0.437539	-2.124932
0.394923	-2.201106
0.339536	-2.217364
0.276528	-2.364444
0.211510	-2.405201
0.149975	-2.767496
0.101741	-2.463644
0.068236	2.588765
0.055938	2.099061
0.063838	1.437555
0.070737	0.999497
0.073272	0.622795
0.072149	0.196712
0.072691	-0.268539
0.082248	-0.829914
0.102942	-1.248194
0.133981	-1.628086
0.171999	-1.833378
0.211375	-2.079733
0.248137	-2.173973
0.279851	-2.385380
0.303470	-2.415253
0.321075	-2.665420
0.333981	-2.624727
0.338972	-2.965220
0.336626	-2.721819
0.327332	-3.458651
0.311055	-1.220746
0.292123	3.611037
0.269355	2.655506
0.241859	3.188647
0.211368	2.647648
0.180407	3.060594
0.148692	2.586332
0.118352	3.060236
0.091113	2.484928
0.065636	3.417058
0.044788	1.240741
0.032253	-3.104677
0.031395	-1.975171
0.037818	-1.902591
0.045203	-1.514270
0.051735	-1.536968
0.056471	-1.359934
0.059128	-1.360550
0.058527	-1.244539
0.054760	-1.228421
0.049552	-1.138081
0.043676	-1.060426
0.036839	-0.849732
0.031561	-0.600805
0.029910	-0.282444
0.031156	0.002548
0.035127	0.272092
0.040985	0.475488
0.046963	0.605930
0.051457	0.701977
0.054302	0.738298
0.054117	0.805075
0.051227	0.839480
0.045549	0.899272
0.037099	0.969635
0.025729	1.195652
0.017818	1.917447
0.027974	2.874908
0.051460	3.061449
0.078693	3.155602
0.108400	3.110794
0.139332	3.148699
0.171614	3.061965
0.203539	3.062877
0.236007	2.923564
0.266489	2.894578
0.296906	2.737373
0.320527	2.708899
0.334827	2.523956
0.344833	2.478137
0.351960	2.265824
0.356013	2.220104
0.357176	1.981788
0.354296	1.934359
0.345978	1.655768
0.335903	1.610376
0.324362	1.296497
0.311572	1.273175
0.297798	0.920561
0.280044	0.961906
0.256078	0.565593
0.224539	0.702391
0.187835	0.201998
0.138168	0.608739
0.076582	-0.188342
0.016884	1.886559
0.066425	-1.851819
0.155845	-2.636898
0.240307	3.533049
0.328717	2.732161
0.408997	3.312358
0.482508	2.780029
0.541352	3.224108
0.587487	2.802824
0.613338	3.212810
0.621969	2.811577
0.607777	3.279466
0.576982	2.786724
0.526422	3.524623
0.464358	-1.747172
0.386918	-3.378577
0.304250	-2.881650
0.212487	-2.963438
0.124155	-2.797312
0.033002	-2.112087
0.052056	0.192612
0.137282	0.352709
0.204140	0.539313
0.268679	0.587411
0.317209	0.757257
0.360428	0.829165
0.393251	0.982043
0.423055	1.077048
0.443759	1.225217
0.455916	1.325302
0.459034	1.467715
0.456666	1.570116
0.447460	1.701892
0.434653	1.798513
0.416417	1.920409
0.395321	2.007905
0.370463	2.118920
0.342812	2.199003
0.308109	2.291389
0.273177	2.345021
0.234576	2.427976
0.196026	2.481171
0.158549	2.524708
0.123237	2.506938
0.088418	2.465530
0.056868	2.315595
0.030845	1.869892
0.026306	0.900410
0.042890	0.366075
0.063293	0.215910
0.082006	0.161000
0.098479	0.119457
0.110425	0.111912
0.119998	0.093623
0.126107	0.103517
0.130511	0.083634
0.131126	0.089135
0.128027	0.065526
0.122612	0.088240
0.114124	0.063362
0.102062	0.078250
0.086815	0.019084
0.069813	0.029638
0.051855	-0.072537
0.031718	-0.172472
0.016644	-1.091583
0.028246	-2.279548
0.055967	-2.543242
0.083744	-2.622943
0.113145	-2.618044
0.143499	-2.585010
0.176759	-2.551739
0.208668	-2.503738
0.239981	-2.457905
0.268237	-2.378501
0.294194	-2.316170
0.317826	-2.214349
0.338194	-2.148245
0.354354	-2.038118
0.367529	-1.966899
0.374834	-1.840328
0.378323	-1.764226
0.377659	-1.615712
0.375145	-1.528930
0.367911	-1.360885
0.358298	-1.273719
0.341035	-1.098267
0.318446	-1.032284
0.292279	-0.842335
0.265547	-0.794693
0.234387	-0.576606
0.201119	-0.565435
0.157540	-0.297871
0.109174	-0.396003
0.050674	0.018382
0.014490	-1.888769
0.073015	-3.358829
0.143987	-2.960112
0.215633	-3.143421
0.284714	-2.935004
0.348354	-3.011285
0.406511	-2.853943
0.457012	-2.915083
0.498831	-2.810085
0.527792	-2.862096
0.546324	-2.773035
0.550020	-2.830187
0.535322	-2.777339
0.508787	-2.858072
0.473212	-2.815646
0.425599	-2.899586
0.370539	-2.868101
0.305524	-2.989385
0.241747	-2.959454
0.172394	-3.098876
0.109547	-3.004027
0.042809	-3.150952
0.014905	-1.026384
0.064209	-0.102266
0.106408	-0.405477
0.145028	-0.370632
0.174921	-0.607381
0.201761	-0.657665
0.223822	-0.881182
0.245341	-0.962094
0.261899	-1.178799
0.277197	-1.267235
0.290503	-1.481384
0.301339	-1.575182
0.310144	-1.783663
0.317872	-1.856465
0.322922	-2.049259
0.325202	-2.092137
0.325053	-2.274459
0.322478	-2.300687
0.314080	-2.492769
0.302247	-2.496927
0.286400	-2.692454
0.268397	-2.660781
0.246232	-2.860197
0.222643	-2.771435
0.198013	-3.005675
0.173457	-2.841819
0.147186	-3.163136
0.121771	-2.832630
0.096114	-3.474340
0.073395	1.637379
0.049443	3.441734
0.028263	2.937418
0.006458	2.777831
0.010896	-0.187472
0.030002	0.001236
0.044499	-0.233519
0.058736	-0.049737
0.070095	-0.220899
0.080588	-0.067822
0.088657	-0.184728
0.095755	-0.048771
0.101921	-0.154204
0.106915	-0.043586
0.109066	-0.137947
0.108961	-0.039997
0.106842	-0.125118
0.103828	-0.035885
0.099417	-0.116024
0.094088	-0.033334
0.086691	-0.112250
0.076019	-0.022587
0.062010	-0.085479
0.045800	0.060972
0.027804	0.075721
0.014714	0.934093
0.024696	2.007285
0.048464	2.310658
0.074384	2.368065
0.102582	2.411727
0.131446	2.371772
0.161818	2.364891
0.192988	2.273749
0.226335	2.226221
0.257476	2.117068
0.287929	2.064093
0.317113	1.946602
0.344159	1.885709
0.370068	1.762062
0.394155	1.696030
0.417169	1.569169
0.435217	1.502445
0.449543	1.373725
0.459102	1.301372
0.459926	1.177674
0.452572	1.110263
0.440393	0.989850
0.423198	0.920360
0.400827	0.794732
0.372113	0.713686
0.333422	0.578020
0.279979	0.478570
0.222806	0.289870
0.167025	0.064135
0.120512	-0.410464
0.111462	-1.096521
0.150963	-1.716301
0.216113	-1.998960
0.287915	-2.185921
0.358014	-2.254405
0.422403	-2.333480
0.477264	-2.345558
0.522046	-2.390015
0.555644	-2.374144
0.576879	-2.389737
0.582892	-2.349459
0.572342	-2.342777
0.548553	-2.278030
0.514601	-2.239165
0.470171	-2.144895
0.416870	-2.073117
0.355441	-1.928989
0.291384	-1.774823
0.236055	-1.502256
0.197890	-1.143697
0.190160	-0.654366
0.212298	-0.251385
0.254469	0.079343
0.303838	0.276729
0.353622	0.460054
0.400762	0.582464
0.443723	0.725832
0.477085	0.814911
0.500566	0.934262
0.520008	1.011998
0.535495	1.120954
0.541531	1.184911
0.537909	1.275436
0.527493	1.327509
0.513041	1.410521
0.493670	1.454633
0.472317	1.530157
0.448659	1.568786
0.422393	1.635015
0.390377	1.662928
0.358177	1.723473
0.324794	1.736920
0.290904	1.771262
0.257733	1.762464
0.225612	1.773176
0.195111	1.739544
0.166270	1.723046
0.139296	1.656918
0.116315	1.595532
0.095888	1.442332
0.079711	1.298010
0.068146	1.115940
0.059721	0.907369
0.054264	0.617463
0.050820	0.348206
0.050524	-0.011876
0.055265	-0.320012
0.060887	-0.586935
0.065870	-0.771237
0.071661	-0.948359
0.079215	-1.099440
0.090459	-1.289185
0.105037	-1.430025
0.121703	-1.542908
0.143668	-1.600799
0.168899	-1.661654
0.195775	-1.680708
0.221765	-1.710923
0.248466	-1.700945
0.275154	-1.709484
0.301481	-1.682668
0.328348	-1.673808
0.355588	-1.631596
0.381241	-1.610212
0.405179	-1.557010
0.424363	-1.522202
0.443949	-1.452803
0.460577	-1.409011
0.470182	-1.339392
0.474176	-1.289077
0.474499	-1.209653
0.471590	-1.151528
0.464908	-1.064927
0.454366	-1.001787
0.438795	-0.913780
0.417583	-0.849643
0.389096	-0.755863
0.355519	-0.677635
0.316795	-0.572030
0.272139	-0.481660
0.224219	-0.348497
0.174251	-0.190399
0.125937	0.103115
0.091901	0.641928
0.096058	1.391222
0.135747	1.886349
0.189194	2.163249
0.245828	2.311251
0.301102	2.429318
0.351980	2.495728
0.396489	2.562018
0.435699	2.592186
0.467939	2.634892
0.490593	2.648547
0.501818	2.677376
0.500463	2.674530
0.488536	2.680527
0.468243	2.658617
0.439594	2.650936
0.404108	2.613900
0.361482	2.583940
0.313643	2.516794
0.260722	2.449605
0.203203	2.343206
0.146342	2.186955
0.094836	1.867689
0.064997	1.167489
0.078435	0.325312
0.117962	-0.092029
0.162024	-0.333477
0.205520	-0.468262
0.247212	-0.598819
0.285559	-0.690454
0.317443	-0.800647
0.343980	-0.877768
0.367210	-0.976428
0.385740	-1.046914
0.397397	-1.139065
0.402727	-1.204756
0.403738	-1.295836
0.401251	-1.361644
0.395753	-1.450453
0.388949	-1.512824
0.380511	-1.596453
0.370755	-1.652561
0.359350	-1.727623
0.344314	-1.775019
0.326440	-1.843842
0.308123	-1.882835
0.288021	-1.936926
0.266759	-1.960521
0.244162	-2.000161
0.221769	-2.010213
0.200251	-2.036387
0.178502	-2.027448
0.156662	-2.026301
0.135894	-1.985416
0.115945	-1.946576
0.098537	-1.861088
0.084453	-1.767054
0.073553	-1.601510
0.065842	-1.416607
0.061813	-1.190567
0.060420	-0.989229
0.060784	-0.779853
0.061745	-0.610350
0.064143	-0.451639
0.066903	-0.348831
0.069399	-0.249631
0.071025	-0.188049
0.071824	-0.111059
0.071115	-0.047737
0.068628	0.056513
0.064762	0.169101
0.060633	0.353828
0.058827	0.546615
0.060653	0.788714
0.066507	1.019106
0.077051	1.231610
0.091282	1.381014
0.109370	1.507869
0.130088	1.577123
0.152943	1.634054
0.177088	1.644259
0.203095	1.657242
0.229945	1.642769
0.256904	1.635712
0.284120	1.599386
0.311611	1.575730
0.338441	1.527856
0.363913	1.496783
0.387132	1.443518
0.409499	1.404898
0.430888	1.341784
0.449065	1.295163
0.461685	1.224745
0.468958	1.167637
0.471751	1.084584
0.474126	1.014677
0.473338	0.921533
0.465719	0.847267
0.451293	0.746294
0.431104	0.652954
0.408779	0.524993
0.387216	0.399615
0.368652	0.232907
0.356057	0.064200
0.352266	-0.142152
0.358328	-0.332531
0.372523	-0.537786
0.394993	-0.719658
0.426375	-0.895823
0.463416	-1.018540
0.504462	-1.141852
0.547722	-1.219721
0.589607	-1.293962
0.628072	-1.332267
0.663004	-1.377265
0.692837	-1.387911
0.716865	-1.407431
0.735807	-1.397871
0.746043	-1.397538
0.747500	-1.364052
0.741063	-1.340754
0.729335	-1.288934
0.713575	-1.248966
0.693808	-1.177551
0.670723	-1.116812
0.645358	-1.024763
0.620760	-0.940953
0.594597	-0.825758
0.568239	-0.719255
0.544177	-0.585788
0.522673	-0.465109
0.505132	-0.319382
0.490736	-0.192665
0.481218	-0.044600
0.476947	0.078978
0.476694	0.214861
0.478658	0.321530
0.481453	0.438868
0.483456	0.526852
0.483568	0.626695
0.480484	0.698960
0.474100	0.785108
0.464712	0.845396
0.452707	0.921547
0.438369	0.973360
0.422211	1.041935
0.404546	1.086419
0.385777	1.146667
0.365052	1.178577
0.339571	1.227040
0.314169	1.254393
0.288602	1.297314
0.262141	1.315518
0.235179	1.347754
0.207694	1.353235
0.180391	1.368485
0.153227	1.352352
0.125813	1.336092
0.098782	1.278784
0.072021	1.190593
0.046316	1.045732
0.024208	0.575682
0.023156	-0.549653
0.044029	-1.100410
0.068884	-1.246227
0.095016	-1.295496
0.120139	-1.332073
0.144573	-1.348127
0.167577	-1.362248
0.191007	-1.352841
0.214607	-1.351582
0.239122	-1.331300
0.263039	-1.329064
0.286002	-1.302169
0.307524	-1.291888
0.327656	-1.256036
0.346059	-1.238039
0.363469	-1.196779
0.379362	-1.174483
0.393887	-1.127064
0.406469	-1.096547
0.417598	-1.039552
0.426488	-1.002656
0.431812	-0.940053
0.434351	-0.894531
0.434570	-0.819275
0.433062	-0.766165
0.429684	-0.687627
0.423293	-0.625619
0.414298	-0.530187
0.404005	-0.450365
0.393211	-0.341815
0.380773	-0.245404
0.368739	-0.111945
0.358693	0.009859
0.351402	0.164741
0.346445	0.303776
0.346354	0.472205
0.351278	0.617935
0.362392	0.787404
0.375818	0.915552
0.390628	1.058295
0.409257	1.166701
0.430668	1.284108
0.453077	1.358032
0.474547	1.443419
0.493737	1.491514
0.510965	1.555102
0.525340	1.581562
0.536427	1.626361
0.543441	1.635392
0.546144	1.664852
0.543455	1.658666
0.534974	1.670622
0.521027	1.642791
0.502693	1.633719
0.480830	1.584488
0.456575	1.553910
0.430942	1.480884
0.404389	1.426697
0.375749	1.326036
0.346801	1.235598
0.319833	1.089810
0.297237	0.949272
0.282149	0.763228
0.272041	0.600973
0.266547	0.395727
0.267962	0.231100
0.274382	0.035280
0.285304	-0.110289
0.298532	-0.274784
0.313983	-0.386520
0.330004	-0.521844
0.345832	-0.603720
0.359823	-0.714649
0.371731	-0.775872
0.380777	-0.870715
0.387265	-0.916701
0.390908	-1.002867
0.392363	-1.041579
0.391540	-1.123664
0.389644	-1.154648
0.386348	-1.229850
0.381620	-1.250743
0.374976	-1.319957
0.366828	-1.332928
0.356575	-1.398537
0.344695	-1.403828
0.330999	-1.465803
0.316228	-1.463850
0.300413	-1.524888
0.286472	-1.519099
0.272307	-1.581387
0.256318	-1.562537
0.238680	-1.614723
0.220436	-1.581391
0.202079	-1.634428
0.185633	-1.591766
0.170141	-1.647970
0.154551	-1.589779
0.139149	-1.650185
0.124286	-1.576006
0.109467	-1.648508
0.094567	-1.551992
0.079393	-1.649655
0.064362	-1.510470
0.048592	-1.648595
0.032687	-1.395428
0.015461	-1.803569
0.003001	0.745282
0.016747	1.730318
0.035065	1.313726
0.052999	1.519800
0.071147	1.366265
0.089018	1.489491
0.106835	1.381348
0.124433	1.445431
0.141988	1.354912
0.159537	1.396928
0.177497	1.313966
0.196771	1.335245
0.215960	1.261187
0.233815	1.265302
0.251061	1.186708
0.267488	1.175468
0.283384	1.094278
0.298060	1.072917
0.311751	0.991696
0.325158	0.960920
0.338729	0.875795
0.351978	0.835882
0.365082	0.747643
0.377604	0.698680
0.389916	0.603626
0.401903	0.540630
0.414598	0.431624
0.428014	0.358205
0.442173	0.251974
0.457095	0.175299
0.473115	0.068722
0.490516	-0.008118
0.510053	-0.111619
0.532181	-0.185719
0.557208	-0.281965
0.584566	-0.347974
0.614635	-0.431036
0.647138	-0.484840
0.681538	-0.554415
0.716762	-0.595752
0.752104	-0.651398
0.786417	-0.680413
0.818583	-0.722346
0.848332	-0.739203
0.876306	-0.768996
0.901569	-0.776418
0.924008	-0.796796
0.943419	-0.796345
0.960222	-0.807909
0.974637	-0.800312
0.986646	-0.804148
0.994462	-0.788244
0.998602	-0.782301
1.000000	-0.759326
0.997353	-0.745860
0.990258	-0.715576
0.979580	-0.694835
0.966033	-0.658596
0.950595	-0.631710
0.934213	-0.590814
0.917125	-0.559992
0.898676	-0.515583
0.879508	-0.479765
0.859730	-0.431132
0.839744	-0.391030
0.819703	-0.341557
0.798392	-0.302480
0.774347	-0.251478
0.749885	-0.210527
0.725214	-0.162303
0.700710	-0.125928
0.675805	-0.082851
0.651567	-0.049283
0.628632	-0.009059
0.606279	0.021180
0.584299	0.057357
0.563089	0.083579
0.542343	0.114926
0.522345	0.136228
0.502921	0.161747
0.484689	0.176470
0.467404	0.193857
0.451051	0.200130
0.434227	0.209017
0.417908	0.206792
0.402154	0.204535
0.386196	0.190399
0.371716	0.176851
0.359120	0.152246
0.348473	0.128758
0.340162	0.095803
0.334216	0.065578
0.330964	0.028521
0.329227	-0.004018
0.328590	-0.041955
0.329007	-0.074261
0.330663	-0.110121
0.333418	-0.138954
0.337461	-0.169576
0.342600	-0.191923
0.349034	-0.214629
0.356420	-0.228017
0.364729	-0.240770
0.373764	-0.244551
0.383562	-0.247416
0.393852	-0.241330
0.404782	-0.234288
0.415970	-0.219403
0.426769	-0.207426
0.436644	-0.186690
0.445862	-0.163366
0.454224	-0.132970
0.462968	-0.102605
0.472314	-0.066696
0.482183	-0.031438
0.492257	0.009137
0.502635	0.048996
0.513109	0.093537
0.523778	0.136743
0.534340	0.183617
0.544931	0.228699
0.555926	0.277495
0.566382	0.326147
0.577051	0.379826
0.588427	0.429695
0.599680	0.481107
0.611186	0.528893
0.622713	0.577706
0.634518	0.622534
0.646201	0.667529
0.657683	0.707316
0.668057	0.745278
0.677284	0.777038
0.685490	0.807880
0.692649	0.834040
0.698357	0.859751
0.703123	0.881346
0.707171	0.902911
0.710523	0.920052
0.712334	0.935021
0.712330	0.944166
0.709812	0.951017
0.704847	0.952366
0.697617	0.950636
0.688771	0.943962
0.678724	0.936444
0.667552	0.924593
0.655165	0.910723
0.642126	0.891750
0.628437	0.870052
0.614340	0.843122
0.599538	0.813585
0.584016	0.778822
0.567033	0.739922
0.549379	0.694661
0.531642	0.646173
0.514942	0.594908
0.498989	0.543933
0.483002	0.488415
0.467287	0.430004
0.452921	0.368587
0.439852	0.306731
0.428280	0.243543
0.417816	0.180797
0.408268	0.116540
0.398858	0.053105
0.390074	-0.011222
0.381925	-0.073939
0.374601	-0.135024
0.367706	-0.192574
0.361268	-0.247220
0.354488	-0.296956
0.346872	-0.342793
0.338506	-0.388685
0.330359	-0.434232
0.322391	-0.475833
0.314716	-0.514161
0.306947	-0.548473
0.299236	-0.579528
0.291242	-0.606912
0.283351	-0.631018
0.275219	-0.650497
0.266913	-0.665936
0.258299	-0.677046
0.249615	-0.684265
0.240699	-0.687234
0.231825	-0.686397
0.222854	-0.682511
0.214111	-0.676379
0.205379	-0.665612
0.197318	-0.649093
0.190551	-0.627337
0.184883	-0.598036
0.179567	-0.558534
0.175032	-0.511395
0.171065	-0.459174
0.167873	-0.402476
0.165292	-0.342312
0.163924	-0.279207
0.163893	-0.214870
0.165697	-0.151512
0.169123	-0.092248
0.174369	-0.039158
0.181093	0.007573
0.189442	0.050680
0.199002	0.086457
0.209112	0.116206
0.219275	0.140371
0.230160	0.159177
0.241524	0.172295
0.253677	0.180685
0.266384	0.183995
0.280026	0.183330
0.294404	0.178300
0.309625	0.169884
0.325055	0.156600
0.341185	0.140393
0.358029	0.121543
0.375850	0.101313
0.394457	0.079112
0.413969	0.056411
0.433425	0.033305
0.452391	0.011424
0.471021	-0.012889
0.490027	-0.038825
0.509279	-0.066129
0.529112	-0.092913
0.549216	-0.120018
0.569868	-0.145953
0.591083	-0.172340
0.613112	-0.197744
0.635381	-0.222994
0.657932	-0.246422
0.680393	-0.269320
0.702928	-0.290220
0.725147	-0.310517
0.747188	-0.328717
0.768644	-0.346290
0.789637	-0.361712
0.809760	-0.376519
0.829081	-0.389154
0.847189	-0.401123
0.864648	-0.410669
0.881148	-0.419573
0.896729	-0.426200
0.911024	-0.432261
0.924185	-0.436037
0.935852	-0.439282
0.946206	-0.440222
0.954908	-0.440645
0.962175	-0.438724
0.967699	-0.436280
0.971744	-0.431398
0.974003	-0.425919
0.974733	-0.418377
0.974021	-0.410944
0.972336	-0.401599
0.969488	-0.392326
0.965862	-0.381104
0.961282	-0.369942
0.956147	-0.356778
0.950223	-0.343791
0.943845	-0.329248
0.936778	-0.315349
0.929024	-0.299795
0.920267	-0.284933
0.911016	-0.268774
0.901069	-0.253513
0.890741	-0.237035
0.879652	-0.221578
0.867968	-0.205034
0.855585	-0.189963
0.843275	-0.175229
0.830803	-0.162278
0.818621	-0.148288
0.806622	-0.135899
0.795056	-0.122719
0.783688	-0.111224
0.772809	-0.098975
0.762177	-0.088407
0.752053	-0.077017
0.742172	-0.067240
0.732830	-0.056581
0.723762	-0.047500
0.715255	-0.037455
0.707049	-0.028890
0.699653	-0.019037
0.692891	-0.010312
0.687015	-0.000198
0.681692	0.008362
0.677202	0.017758
0.672721	0.025498
0.668364	0.034323
0.664092	0.041685
0.660359	0.050310
0.657071	0.057613
0.654515	0.066312
0.652408	0.073742
0.650880	0.082537
0.649515	0.089904
0.648479	0.098530
0.647902	0.106194
0.648184	0.115947
0.648949	0.124824
0.650634	0.135608
0.652625	0.145444
0.654727	0.157118
0.656666	0.167855
0.658764	0.180565
0.660722	0.192405
0.662717	0.206226
0.664130	0.218976
0.665622	0.233852
0.667605	0.248230
0.670175	0.264632
0.672874	0.279754
0.675781	0.296248
0.678584	0.311126
0.681500	0.327307
0.684208	0.341786
0.686919	0.357509
0.689288	0.371434
0.691578	0.386546
0.693513	0.399582
0.695298	0.413521
0.696643	0.425404
0.697799	0.438239
0.698476	0.448964
0.698928	0.460629
0.698864	0.470141
0.698543	0.480584
0.697695	0.488842
0.696674	0.498043
0.695223	0.505038
0.693714	0.513073
0.692048	0.519223
0.690474	0.526445
0.688436	0.530985
0.686036	0.535730
0.682931	0.537457
0.679180	0.539287
0.674502	0.538036
0.669277	0.536918
0.663439	0.532905
0.657551	0.529635
0.651399	0.524073
0.645317	0.519630
0.638801	0.512572
0.632060	0.506072
0.624804	0.496968
0.617307	0.488669
0.609268	0.478002
0.601024	0.468388
0.592352	0.456552
0.583607	0.445901
0.574559	0.433147
0.565529	0.421651
0.556111	0.407576
0.546653	0.394235
0.536976	0.378391
0.527512	0.363648
0.518129	0.346923
0.509142	0.331750
0.500265	0.314798
0.491793	0.299606
0.483431	0.282841
0.475468	0.268029
0.467591	0.251607
0.460095	0.237059
0.452687	0.220946
0.445672	0.206807
0.438758	0.191178
0.432251	0.177617
0.425883	0.162689
0.419982	0.150031
0.414249	0.136138
0.408988	0.124601
0.403897	0.111875
0.399281	0.101547
0.394835	0.090030
0.390864	0.080909
0.387065	0.070556
0.383743	0.062555
0.380581	0.053219
0.377886	0.046134
0.375372	0.037600
0.373349	0.031236
0.371575	0.023276
0.370340	0.017558
0.369191	0.010854
0.368431	0.006790
0.367747	0.001586
0.367463	-0.001128
0.367269	-0.005126
0.367493	-0.006760
0.367824	-0.009821
0.368587	-0.010639
0.369472	-0.013022
0.370801	-0.013277
0.372261	-0.015226
0.374172	-0.015151
0.376217	-0.016887
0.378714	-0.016689
0.381339	-0.018403
0.384409	-0.018259
0.387596	-0.020111
0.391231	-0.020164
0.394994	-0.022290
0.399165	-0.022796
0.403378	-0.025697
0.407944	-0.027127
0.412542	-0.030952
0.417492	-0.033258
0.422469	-0.037925
0.427788	-0.041014
0.433120	-0.046417
0.438779	-0.050171
0.444433	-0.056188
0.450375	-0.060467
0.456196	-0.066876
0.462116	-0.071342
0.467728	-0.077770
0.473253	-0.082079
0.478541	-0.088430
0.484203	-0.093028
0.489820	-0.099742
0.495663	-0.104442
0.501312	-0.111043
0.507043	-0.115419
0.512461	-0.121565
0.517895	-0.125415
0.522977	-0.131022
0.528035	-0.134302
0.532701	-0.139330
0.537300	-0.142001
0.541462	-0.146410
0.545552	-0.148477
0.549260	-0.152369
0.552920	-0.153916
0.556176	-0.157242
0.559365	-0.158160
0.562128	-0.160808
0.564807	-0.160972
0.567051	-0.162849
0.569207	-0.162233
0.570924	-0.163342
0.572555	-0.161948
0.573747	-0.162290
0.574858	-0.160118
0.575530	-0.159708
0.576109	-0.156820
0.576231	-0.155752
0.576250	-0.152228
0.575804	-0.150567
0.575402	-0.146424
0.574769	-0.144131
0.574217	-0.139396
0.573277	-0.136612
0.572187	-0.131440
0.570610	-0.128250
0.568909	-0.122657
0.566749	-0.119059
0.564518	-0.113039
0.561907	-0.109017
0.559292	-0.102580
0.556340	-0.098188
0.553426	-0.091400
0.550211	-0.086701
0.547069	-0.079621
0.543656	-0.074670
0.540344	-0.067352
0.536784	-0.062199
0.533347	-0.054689
0.529683	-0.049386
0.526168	-0.041756
0.522446	-0.036395
0.518887	-0.028732
0.515131	-0.023389
0.511551	-0.015769
0.507783	-0.010524
0.504200	-0.003027
0.500437	0.002039
0.496866	0.009356
0.493122	0.014363
0.489581	0.021795
0.485875	0.026918
0.482377	0.034456
0.478719	0.039650
0.475272	0.047251
0.471668	0.052472
0.468278	0.060084
0.464729	0.065265
0.461391	0.072845
0.457890	0.077984
0.454597	0.085547
0.451134	0.090662
0.447874	0.098226
0.444492	0.103320
0.441433	0.110838
0.438302	0.115830
0.435470	0.123240
0.432538	0.128082
0.429871	0.135336
0.427066	0.139980
0.424490	0.147031
0.421731	0.151425
0.419149	0.158203
0.416355	0.162276
0.413729	0.168736
0.410882	0.172458
0.408196	0.178576
0.405282	0.181928
0.402524	0.187688
0.399532	0.190656
0.396691	0.196049
0.393613	0.198625
0.390684	0.203644
0.387513	0.205824
0.384490	0.210467
0.381223	0.212268
0.378105	0.216593
0.374745	0.218065
0.371534	0.222070
0.368085	0.223172
0.364802	0.226759
0.361294	0.227360
0.357954	0.230455
0.354393	0.230545
0.351008	0.233160
0.347414	0.232770
0.344013	0.234972
0.340411	0.234168
0.337007	0.235994
0.333414	0.234789
0.330032	0.236235
0.326468	0.234631
0.323117	0.235711
0.319588	0.233724
0.316275	0.234459
0.312786	0.232108
0.309514	0.232519
0.306063	0.229831
0.302826	0.229948
0.299410	0.226948
0.296210	0.226796
0.292835	0.223509
0.289677	0.223113
0.286345	0.219564
0.283232	0.218949
0.279949	0.215164
0.276886	0.214356
0.273654	0.210358
0.270643	0.209384
0.267467	0.205198
0.264513	0.204082
0.261394	0.199734
0.258499	0.198501
0.255442	0.194014
0.252608	0.192690
0.249613	0.188087
0.246841	0.186697
0.243911	0.182002
0.241203	0.180562
0.238341	0.175772
0.235700	0.174276
0.232908	0.169402
0.230336	0.167873
0.227613	0.162938
0.225108	0.161403
0.222455	0.156431
0.220016	0.154912
0.217430	0.149927
0.215055	0.148450
0.212534	0.143476
0.210220	0.142075
0.207761	0.137150
0.205504	0.135852
0.203104	0.130988
0.200901	0.129805
0.198557	0.125013
0.196403	0.123955
0.194111	0.119243
0.192002	0.118320
0.189759	0.113697
0.187691	0.112917
0.185492	0.108388
0.183461	0.107760
0.181303	0.103333
0.179304	0.102863
0.177183	0.098543
0.175212	0.098239
0.173124	0.094030
0.171177	0.093898
0.169120	0.089805
0.167192	0.089850
0.165163	0.085878
0.163252	0.086106
0.161249	0.082257
0.159351	0.082672
0.157373	0.078950
0.155485	0.079556
0.153531	0.075963
0.151652	0.076763
0.149722	0.073300
0.147850	0.074298
0.145947	0.070967
0.144082	0.072165
0.142208	0.068967
0.140350	0.070367
0.138508	0.067306
0.136658	0.068911
0.134852	0.065986
0.133011	0.067797
0.131247	0.065010
0.129417	0.067026
0.127701	0.064374
0.125883	0.066592
0.124224	0.064075
0.122421	0.066491
0.120829	0.064105
0.119042	0.066712
0.117530	0.064454
0.115763	0.067244
0.114343	0.065109
0.112597	0.068069
0.111288	0.066051
0.109563	0.069166
0.108383	0.067265
0.106679	0.070518
0.105651	0.068732
0.103963	0.072103
0.103117	0.070436
0.101435	0.073895
0.100805	0.072356
0.099111	0.075866
0.098744	0.074474
0.097006	0.077983
0.096969	0.076774
0.095127	0.080202
0.095519	0.079248
0.093464	0.082467
0.094458	0.081911
0.091967	0.084678
0.093914	0.084844
0.090452	0.086607
0.094293	0.088411
0.088007	0.087296
0.098521	0.095513
