2055
0.036874	-0.023181
0.000000	0.023307
0.004904	-0.023435
0.000000	0.023566
0.002562	-0.023699
0.000000	0.023834
0.001741	-0.023972
0.000000	0.024112
0.001327	-0.024255
0.000000	0.024401
0.001079	-0.024549
0.000000	0.024700
0.000915	-0.024854
0.000000	0.025010
0.000799	-0.025170
0.000000	0.025332
0.000714	-0.025497
0.000000	0.025666
0.000650	-0.025837
0.000000	0.026010
0.000600	-0.026187
0.000000	0.026366
0.000562	-0.026548
0.000000	0.026732
0.000532	-0.026918
0.000000	0.027105
0.000510	-0.027294
0.000000	0.027483
0.000495	-0.027672
0.000000	0.027859
0.000486	-0.028044
0.000000	0.028224
0.000483	-0.028396
0.000000	0.028559
0.000487	-0.028707
0.000000	0.028835
0.000500	-0.028935
0.000000	0.028997
0.000524	-0.029006
0.000000	0.028943
0.000564	-0.028777
0.000000	0.028465
0.000631	-0.027942
0.000000	0.027103
0.000747	-0.025780
0.000000	0.023684
0.000970	-0.020302
0.000000	0.014718
0.001462	-0.005939
0.000000	0.013079
0.068797	2.608118
0.083738	3.332485
0.072319	3.004088
0.064200	3.263611
0.050331	3.021647
0.036859	3.268363
0.020689	2.998102
0.006848	3.303650
0.001604	0.425792
0.007312	-0.015305
0.007699	-0.119441
0.002535	0.574727
0.008167	3.252199
0.022240	3.068948
0.033654	3.191018
0.045937	3.104664
0.054284	3.172198
0.059015	3.112805
0.056585	3.172984
0.049791	3.101712
0.038467	3.200292
0.026225	3.040193
0.011013	3.368302
0.002450	1.723579
0.006296	-0.392966
0.008711	0.285500
0.003882	-0.287427
0.003817	2.612532
0.016644	3.200497
0.031070	3.154950
0.043653	3.101090
0.055279	3.197169
0.061310	3.074922
0.060721	3.218529
0.054917	3.053171
0.046220	3.245322
0.032924	3.012770
0.018926	3.328149
0.004362	2.644252
0.006868	0.089089
0.016948	-0.074566
0.020196	0.098139
0.020004	-0.131530
0.015150	0.187481
0.009402	-0.323146
0.002037	1.361688
0.008823	3.376945
0.015389	3.045933
0.020315	3.178473
0.024904	3.142101
0.024530	3.109453
0.018986	3.208330
0.014146	3.025092
0.007173	3.360721
0.001999	0.828441
0.009424	-0.172021
0.013100	0.045884
0.013109	0.041780
0.008521	-0.187366
0.001886	1.130290
0.010929	3.479852
0.022328	2.936606
0.032610	3.293684
0.041575	3.018302
0.048197	3.246551
0.050500	3.049544
0.046854	3.223617
0.040065	3.068720
0.030348	3.202747
0.018809	3.107749
0.004699	3.003754
0.004940	0.049036
0.013225	0.080753
0.015514	-0.116250
0.015085	0.161891
0.009425	-0.276139
0.002668	1.085043
0.010575	3.378873
0.022188	3.018279
0.030950	3.222324
0.038360	3.082338
0.040233	3.188272
0.038092	3.102953
0.032503	3.174790
0.025265	3.112222
0.016066	3.168200
0.009148	3.117018
0.004180	3.164655
0.000910	3.119664
0.000822	3.162669
0.007405	3.121157
0.019836	3.161546
0.037170	3.122003
0.054901	3.160904
0.069871	3.122503
0.086472	3.160492
0.103938	3.122879
0.114104	3.160095
0.121185	3.123362
0.123419	3.159443
0.120329	3.124299
0.114137	3.158051
0.102515	3.126415
0.085178	3.154752
0.068647	3.131739
0.050811	3.145696
0.033520	3.148490
0.019430	3.110006
0.008813	3.248532
0.001308	2.469838
0.001635	-0.423326
0.000854	0.930694
0.003600	3.227650
0.010280	3.115456
0.016733	3.147066
0.022793	3.143957
0.026497	3.137759
0.027095	3.141611
0.024851	3.152824
0.019784	3.103187
0.011756	3.259440
0.002446	2.499282
0.006610	-0.248782
0.015142	0.194868
0.020289	-0.179312
0.023498	0.182561
0.021595	-0.202441
0.016028	0.250404
0.007607	-0.385334
0.002271	1.775709
0.010955	3.339994
0.019921	3.081849
0.026899	3.144062
0.031222	3.174585
0.031342	3.079939
0.028074	3.231836
0.023191	3.017283
0.016207	3.313835
0.008845	2.887654
0.002555	3.585708
0.000224	1.262355
0.000324	1.281248
0.003071	3.603413
0.009931	2.867961
0.018979	3.336372
0.030856	2.990527
0.043204	3.264808
0.055264	3.037651
0.066577	3.231481
0.075458	3.062285
0.079905	3.212823
0.081693	3.076477
0.078277	3.202305
0.070730	3.083570
0.060366	3.198964
0.047637	3.081931
0.032686	3.208729
0.019935	3.055772
0.007406	3.273503
0.002193	0.710014
0.007614	-0.226260
0.008661	0.175601
0.004007	-0.208777
0.003547	2.466858
0.015687	3.299628
0.027100	3.064222
0.038920	3.188288
0.048434	3.111347
0.056232	3.160854
0.058574	3.131076
0.055700	3.143946
0.048817	3.148116
0.039799	3.123828
0.028597	3.176127
0.016824	3.076470
0.005928	3.281001
0.001055	0.874551
0.003694	-0.317461
0.001256	0.476610
0.005004	2.998540
0.016245	3.208489
0.028717	3.087016
0.041982	3.191791
0.054956	3.092795
0.064807	3.191079
0.069990	3.089273
0.069418	3.199555
0.063870	3.073581
0.051178	3.227829
0.035380	3.018436
0.012344	3.361668
0.007301	0.927800
0.033661	-0.239143
0.058352	0.137047
0.085375	-0.099036
0.105725	0.080263
0.125201	-0.069734
0.142098	0.063516
0.158852	-0.059882
0.172020	0.057972
0.183728	-0.057329
0.191691	0.057709
0.197320	-0.058999
0.198539	0.061177
0.198811	-0.064308
0.194697	0.068552
0.186178	-0.074207
0.170760	0.081797
0.151018	-0.092275
0.123444	0.107520
0.094695	-0.131745
0.063388	0.176648
0.030923	-0.289917
0.005460	1.046981
0.024142	3.329733
0.046259	3.067369
0.062870	3.167224
0.069958	3.146197
0.069653	3.112856
0.064197	3.193790
0.054008	3.062326
0.037554	3.257759
0.022299	2.963955
0.008418	3.462841
0.002164	1.108030
0.008047	-0.145184
0.006187	-0.106383
0.001884	1.812499
0.011669	3.510322
0.024691	2.913575
0.040953	3.310524
0.055303	3.006325
0.065687	3.254425
0.067807	3.045334
0.065821	3.224620
0.054591	3.069529
0.037925	3.207234
0.010897	3.029800
0.015149	0.428257
0.051481	-0.161806
0.084652	0.114702
0.120888	-0.095822
0.153784	0.085499
0.183985	-0.078913
0.207296	0.074357
0.228311	-0.071081
0.244944	0.068715
0.253571	-0.067061
0.257440	0.066015
0.258173	-0.065535
0.253256	0.065628
0.245253	-0.066346
0.232936	0.067804
0.216650	-0.070206
0.193150	0.073914
0.168795	-0.079590
0.136587	0.088549
0.106667	-0.103768
0.072799	0.133543
0.042932	-0.211324
0.010540	0.684957
0.012138	3.232810
0.037090	3.097431
0.053680	3.161009
0.066769	3.136309
0.068758	3.137721
0.068066	3.151901
0.061954	3.126665
0.051673	3.159387
0.037827	3.123840
0.024097	3.151498
0.011848	3.171780
0.002512	2.753213
0.001138	-0.403321
0.001236	1.632290
0.005991	3.368126
0.015876	3.042679
0.026665	3.193316
0.040227	3.115213
0.052509	3.150839
0.062820	3.146251
0.068151	3.123655
0.069204	3.174284
0.065054	3.089932
0.055836	3.221740
0.041184	3.009233
0.022737	3.408807
0.004640	1.726599
0.019142	-0.317539
0.041066	0.181731
0.057621	-0.130547
0.072609	0.103994
0.083648	-0.087896
0.093308	0.077224
0.099605	-0.069758
0.103682	0.064375
0.103652	-0.060454
0.103512	0.057633
0.101467	-0.055701
0.099748	0.054540
0.097842	-0.054105
0.096283	0.054412
0.092730	-0.055546
0.087349	0.057684
0.083076	-0.061143
0.079070	0.066482
0.071619	-0.074734
0.060341	0.087958
0.046226	-0.110848
0.031598	0.156603
0.015046	-0.280119
0.003016	1.242097
0.015995	3.424545
0.032548	2.984094
0.047916	3.254360
0.057766	3.049555
0.062840	3.223649
0.064054	3.063215
0.061186	3.221006
0.053705	3.056648
0.044041	3.237444
0.033419	3.027020
0.022194	3.288476
0.012418	2.933363
0.004007	3.497015
0.000729	0.728002
0.000589	0.853008
0.003120	3.568607
0.011064	2.873551
0.020724	3.345453
0.031940	2.971170
0.042885	3.292710
0.052773	3.001773
0.060664	3.275526
0.064959	3.009134
0.064976	3.277063
0.059985	2.997296
0.050632	3.304391
0.037371	2.939119
0.021700	3.452758
0.004627	2.069460
0.014875	-0.182571
0.036688	0.073881
0.056979	-0.032361
0.077564	0.010863
0.094493	0.002216
0.110392	-0.011040
0.124027	0.017459
0.136462	-0.022415
0.146927	0.026436
0.156087	-0.029846
0.163463	0.032851
0.169576	-0.035597
0.173943	0.038189
0.176104	-0.040709
0.174502	0.043229
0.168775	-0.045816
0.161249	0.048536
0.151428	-0.051469
0.138056	0.054704
0.117718	-0.058347
0.094671	0.062471
0.068681	-0.066795
0.042697	0.067996
0.014905	-0.015118
0.006729	2.853701
0.028561	3.169502
0.044210	3.160276
0.058537	3.102849
0.062078	3.193180
0.061560	3.079500
0.055313	3.213818
0.046922	3.058397
0.033141	3.237609
0.019529	3.031190
0.005229	3.235909
0.004482	0.312559
0.013727	0.010617
0.017964	-0.091536
0.017139	0.165156
0.009778	-0.313958
0.002721	1.755371
0.013736	3.392165
0.025890	3.033561
0.036273	3.188491
0.044230	3.134278
0.048461	3.114537
0.044531	3.207918
0.037041	3.014609
0.018716	3.411963
0.005943	1.510822
0.033731	-0.308109
0.069075	0.168750
0.106486	-0.113741
0.147408	0.083516
0.191459	-0.063846
0.229652	0.049627
0.264087	-0.038568
0.296205	0.029475
0.325595	-0.021655
0.349239	0.014666
0.366690	-0.008200
0.375933	0.002023
0.376335	0.004066
0.365273	-0.010253
0.348018	0.016741
0.324016	-0.023768
0.291394	0.031650
0.257241	-0.040840
0.218724	0.052049
0.177330	-0.066497
0.133846	0.086512
0.094038	-0.117251
0.057981	0.172983
0.028330	-0.312941
0.004937	1.471289
0.008911	3.396112
0.014649	3.039490
0.013455	3.162749
0.006521	3.210700
0.004484	0.784187
0.023365	-0.247046
0.040658	0.152977
0.056662	-0.112942
0.068313	0.089910
0.076339	-0.074513
0.078774	0.063351
0.076179	-0.055025
0.066535	0.049182
0.053795	-0.046647
0.036790	0.051318
0.019910	-0.081690
0.004168	0.328396
0.004998	3.168761
0.010115	3.013528
0.008821	3.399122
0.002575	1.894829
0.013464	-0.306793
0.039228	0.176819
0.068866	-0.127743
0.103597	0.102072
0.144296	-0.086238
0.186726	0.075445
0.225079	-0.067588
0.259436	0.061600
0.292415	-0.056894
0.322971	0.053118
0.344978	-0.050058
0.360180	0.047581
0.370273	-0.045608
0.367968	0.044102
0.356101	-0.043062
0.338676	0.042525
0.311735	-0.042577
0.277643	0.043377
0.245257	-0.045199
0.210381	0.048527
0.171347	-0.054262
0.131104	0.064222
0.093719	-0.082600
0.059073	0.121290
0.028915	-0.229669
0.005038	1.027458
0.008551	3.438904
0.018236	2.944301
0.021496	3.318690
0.020235	2.943071
0.014010	3.439152
0.003784	2.085875
0.010481	-0.206454
0.024926	0.099198
0.035288	-0.058364
0.044221	0.036878
0.048040	-0.023277
0.047790	0.013556
0.042254	-0.006209
0.032446	0.001552
0.020413	-0.005811
0.005906	0.096627
0.006674	2.897771
0.020791	3.177093
0.029170	3.149913
0.035758	3.105334
0.033123	3.209601
0.028228	3.021082
0.013087	3.393011
0.005567	1.249658
0.028883	-0.298084
0.057873	0.171301
0.089159	-0.122043
0.121537	0.095723
0.157870	-0.079145
0.192972	0.067574
0.222859	-0.058894
0.249599	0.052017
0.273714	-0.046319
0.293656	0.041414
0.307934	-0.037041
0.316454	0.033013
0.319488	-0.029182
0.317470	0.025422
0.310450	-0.021612
0.297947	0.017624
0.279956	-0.013306
0.256975	0.008464
0.231326	-0.002826
0.204919	-0.004014
0.176455	0.012715
0.142571	-0.024430
0.109250	0.041408
0.078274	-0.068707
0.049099	0.120543
0.019839	-0.256986
0.004465	1.658525
0.021848	3.468953
0.036138	2.949998
0.043965	3.279792
0.045526	3.033904
0.042824	3.226431
0.036631	3.079685
0.027823	3.170507
0.016862	3.188509
0.004260	2.648640
0.006289	-0.234211
0.017449	0.202378
0.021600	-0.189957
0.024997	0.192871
0.022715	-0.211327
0.019233	0.257476
0.009844	-0.390329
0.002543	1.647510
0.011750	3.343383
0.022837	3.078255
0.031022	3.148811
0.037673	3.169296
0.040681	3.083782
0.038976	3.234713
0.032248	2.991661
0.019381	3.430240
0.004327	1.664472
0.021222	-0.295398
0.050067	0.158011
0.079586	-0.105755
0.109947	0.078380
0.141662	-0.061604
0.175911	0.050334
0.209624	-0.042304
0.238866	0.036355
0.269133	-0.031834
0.293445	0.028345
0.311412	-0.025637
0.324805	0.023549
0.334862	-0.021970
0.337951	0.020835
0.334074	-0.020103
0.323788	0.019764
0.310900	-0.019833
0.291739	0.020357
0.264018	-0.021428
0.235610	0.023204
0.208477	-0.025960
0.174936	0.030181
0.138829	-0.036778
0.103212	0.047617
0.071679	-0.067077
0.043836	0.107837
0.021473	-0.223957
0.003762	1.179921
0.006393	3.516299
0.009619	2.848740
0.007545	3.510021
0.002151	1.857001
0.008888	-0.225203
0.025232	0.108878
0.042567	-0.069015
0.059528	0.050530
0.072453	-0.040707
0.082445	0.035197
0.089108	-0.032172
0.092849	0.030772
0.092653	-0.030573
0.086242	0.031382
0.075225	-0.033148
0.062807	0.035921
0.048469	-0.039818
0.034361	0.044883
0.021294	-0.050310
0.010802	0.048565
0.003112	0.067254
0.000605	3.224837
0.001870	1.060627
0.009743	-0.262777
0.022088	0.144790
0.036561	-0.099374
0.053613	0.075740
0.074111	-0.061348
0.099021	0.051679
0.122310	-0.044723
0.144183	0.039454
0.162929	-0.035293
0.175800	0.031888
0.182843	-0.029011
0.186331	0.026503
0.183662	-0.024247
0.174190	0.022152
0.158546	-0.020129
0.140484	0.018082
0.117441	-0.015857
0.092590	0.013105
0.067145	-0.008669
0.042201	-0.003425
0.013896	0.092710
0.005240	2.839036
0.021274	3.237377
0.028332	3.066265
0.028142	3.228916
0.020992	3.012491
0.011926	3.395577
0.002810	1.285047
0.017121	-0.312302
0.038060	0.188382
0.062998	-0.142743
0.090244	0.120274
0.114381	-0.107790
0.130330	0.100659
0.141646	-0.096921
0.146407	0.095696
0.146010	-0.096669
0.138087	0.099931
0.124255	-0.106037
0.105019	0.116349
0.082321	-0.134123
0.055898	0.168538
0.031425	-0.256675
0.006921	0.795168
0.011284	3.232843
0.029067	3.121064
0.040546	3.125301
0.051175	3.184445
0.054513	3.072824
0.050556	3.243529
0.037206	2.983725
0.018359	3.438928
0.003888	1.454010
0.016685	-0.284619
0.033449	0.147928
0.048681	-0.094725
0.063238	0.065826
0.074530	-0.047055
0.082814	0.033277
0.085220	-0.022109
0.082876	0.012187
0.077281	-0.002508
0.071129	-0.007944
0.060975	0.020623
0.046350	-0.038378
0.029318	0.068711
0.014621	-0.141258
0.002616	0.553839
0.007060	3.229344
0.015583	3.083470
0.022142	3.172434
0.026870	3.135417
0.024973	3.116954
0.009400	3.213979
0.006747	0.674533
0.026681	-0.211073
0.042576	0.132583
0.059910	-0.101306
0.078477	0.084468
0.096069	-0.073887
0.108061	0.066590
0.118651	-0.061240
0.124682	0.057138
0.127342	-0.053875
0.123309	0.051182
0.113886	-0.048850
0.099507	0.046684
0.083554	-0.044431
0.065251	0.041685
0.047961	-0.037615
0.031228	0.030206
0.017293	-0.013475
0.004946	-0.034655
0.001654	2.185439
0.004154	3.661771
0.001480	1.670489
0.010595	-0.178042
0.028012	0.063746
0.049037	-0.024932
0.072998	0.006337
0.098245	0.004384
0.122878	-0.011376
0.148396	0.016383
0.173476	-0.020258
0.197922	0.023463
0.217950	-0.026276
0.232027	0.028879
0.244988	-0.031401
0.251533	0.033942
0.252032	-0.036592
0.248657	0.039436
0.242835	-0.042569
0.231659	0.046098
0.214261	-0.050160
0.191383	0.054936
0.168474	-0.060675
0.143544	0.067740
0.117941	-0.076684
0.090421	0.088398
0.066444	-0.104421
0.046006	0.127671
0.030149	-0.164431
0.016072	0.231222
0.006059	-0.390379
0.000521	1.332261
0.000546	1.272288
0.004349	-0.391315
0.012431	0.235630
0.023166	-0.170034
0.036419	0.134080
0.050201	-0.111599
0.063500	0.096420
0.074284	-0.085685
0.084747	0.077899
0.093148	-0.072216
0.098329	0.068136
0.098964	-0.065363
0.095828	0.063736
0.088512	-0.063197
0.078785	0.063777
0.067446	-0.065613
0.055350	0.068975
0.041175	-0.074322
0.028357	0.082387
0.016745	-0.094056
0.008091	0.107666
0.001681	-0.062482
0.000517	3.151353
0.001041	1.252638
0.007125	-0.298845
0.017131	0.164949
0.030179	-0.113392
0.046153	0.086808
0.064053	-0.070973
0.082695	0.060722
0.099142	-0.053750
0.114317	0.048880
0.131383	-0.045458
0.149682	0.043098
0.164412	-0.041567
0.172107	0.040730
0.177551	-0.040517
0.178618	0.040912
0.174114	-0.041957
0.163141	0.043760
0.148311	-0.046530
0.130548	0.050648
0.109631	-0.056823
0.085303	0.066477
0.065643	-0.082856
0.045001	0.115040
0.023907	-0.199810
0.004155	0.731084
0.012854	3.296782
0.026092	3.048774
0.032497	3.208249
0.033088	3.086354
0.027536	3.193825
0.020652	3.085666
0.009243	3.188104
0.003456	0.479291
0.019943	-0.135082
0.039839	0.080086
0.062706	-0.061373
0.084551	0.053561
0.103248	-0.050488
0.116031	0.050068
0.125474	-0.051513
0.130087	0.054598
0.130936	-0.059450
0.126704	0.066558
0.117616	-0.076964
0.101128	0.092842
0.081638	-0.119201
0.057623	0.170224
0.030389	-0.305826
0.006249	1.563017
0.030154	3.427457
0.063386	2.991744
0.090673	3.240089
0.113145	3.069889
0.133469	3.196834
0.154606	3.097538
0.175516	3.177503
0.195728	3.111923
0.214886	3.166285
0.230276	3.121004
0.243258	3.158703
0.253721	3.127505
0.264384	3.152995
0.275132	3.132628
0.285890	3.148302
0.295377	3.137010
0.305088	3.144131
0.313383	3.141056
0.321036	3.140134
0.325590	3.145078
0.329089	3.136010
0.328599	3.149391
0.326033	3.131409
0.318945	3.154403
0.307172	3.125825
0.289459	3.160777
0.265903	3.118346
0.238488	3.169830
0.209448	3.106971
0.175149	3.184808
0.140041	3.086001
0.101699	3.216821
0.065636	3.030113
0.025403	3.340147
0.007095	0.836942
0.030580	-0.213893
0.052796	0.115621
0.070884	-0.076360
0.081901	0.054277
0.083035	-0.038576
0.077456	0.024287
0.062450	-0.006037
0.044720	-0.032718
0.015265	0.246380
0.014222	3.076503
0.057082	3.120147
0.093791	3.169803
0.133610	3.113910
0.170086	3.167557
0.207656	3.117473
0.242678	3.163973
0.278476	3.120801
0.311078	3.160940
0.338524	3.123561
0.358018	3.158419
0.375750	3.125879
0.388820	3.156271
0.399290	3.127883
0.405050	3.154388
0.409070	3.129667
0.410168	3.152687
0.410739	3.131299
0.408143	3.151108
0.401657	3.132839
0.393480	3.149596
0.383599	3.134335
0.370601	3.148104
0.354175	3.135837
0.338810	3.146577
0.321522	3.137403
0.301010	3.144954
0.275420	3.139102
0.246991	3.143159
0.218475	3.141011
0.189369	3.141136
0.158051	3.143087
0.126197	3.139301
0.089059	3.143400
0.054719	3.147492
0.018176	3.049920
0.009506	0.284455
0.037741	-0.070337
0.057938	0.034763
0.078956	-0.021418
0.093334	0.014314
0.103689	-0.009609
0.105035	0.005944
0.102898	-0.002685
0.092317	-0.000546
0.079325	0.004000
0.060167	-0.007602
0.040824	0.008566
0.013746	0.040177
0.009511	2.772581
0.036795	3.243909
0.061036	3.084396
0.085868	3.181779
0.107653	3.110152
0.126221	3.167716
0.141872	3.119058
0.152813	3.161527
0.160392	3.123638
0.165955	3.157982
0.169996	3.126476
0.171812	3.155654
0.170383	3.128422
0.165739	3.154005
0.157969	3.129831
0.151092	3.152794
0.145964	3.130871
0.140273	3.151907
0.132628	3.131618
0.127362	3.151294
0.127688	3.132099
0.128410	3.150949
0.126875	3.132299
0.126525	3.150908
0.127989	3.132157
0.129029	3.151265
0.128766	3.131540
0.126878	3.152206
0.123495	3.130185
0.119022	3.154105
0.113991	3.127548
0.106705	3.157780
0.097636	3.122354
0.084759	3.165313
0.070133	3.110978
0.052024	3.183573
0.033852	3.079014
0.011099	3.239950
0.007148	0.624753
0.028366	-0.181023
0.047805	0.108911
0.068725	-0.082459
0.084545	0.069985
0.098384	-0.063692
0.106676	0.060863
0.111427	-0.060408
0.112580	0.061933
0.112809	-0.065458
0.107497	0.071396
0.097083	-0.080725
0.081923	0.095542
0.065356	-0.120725
0.044475	0.170103
0.023826	-0.301699
0.004589	1.402692
0.017437	3.422416
0.041292	2.994886
0.062121	3.237993
0.083438	3.071263
0.103295	3.196026
0.121400	3.097866
0.137101	3.177601
0.151087	3.111435
0.163599	3.167139
0.174570	3.119798
0.184564	3.160253
0.193371	3.125613
0.201373	3.155232
0.208544	3.130035
0.215637	3.151265
0.223630	3.133656
0.232340	3.147907
0.240907	3.136819
0.248419	3.144882
0.255276	3.139754
0.261826	3.141993
0.268075	3.142639
0.274250	3.139070
0.280287	3.145642
0.285393	3.135942
0.287007	3.148949
0.286023	3.132393
0.281183	3.152816
0.273240	3.128109
0.261903	3.157644
0.244732	3.122563
0.225179	3.164154
0.204244	3.114733
0.181653	3.173850
0.157544	3.102292
0.131547	3.190552
0.103839	3.078459
0.073849	3.227687
0.045101	3.011860
0.017972	3.384255
0.004243	1.040462
0.020392	-0.256188
0.033787	0.143084
0.043209	-0.099769
0.045060	0.077585
0.045322	-0.065169
0.039642	0.060108
0.029460	-0.069371
0.008084	0.186367
0.014267	2.885877
0.046372	3.223509
0.077446	3.088727
0.113901	3.183265
0.150033	3.106039
0.188224	3.173117
0.230140	3.113029
0.274780	3.167829
0.315893	3.117271
0.356211	3.164287
0.393148	3.120313
0.430224	3.161620
0.464980	3.122692
0.497234	3.159469
0.525481	3.124659
0.550408	3.157651
0.570993	3.126354
0.588160	3.156056
0.600808	3.127869
0.609719	3.154606
0.613149	3.129269
0.611490	3.153241
0.604646	3.130612
0.593115	3.151906
0.575724	3.131956
0.556167	3.150534
0.528387	3.133376
0.496389	3.149039
0.463262	3.134981
0.427274	3.147278
0.387935	3.136963
0.347475	3.144981
0.303642	3.139713
0.257919	3.141562
0.209779	3.144153
0.163803	3.135492
0.125045	3.152991
0.090951	3.121553
0.057978	3.177511
0.031085	3.070617
0.010668	3.321754
0.001962	1.605345
0.004796	-0.592294
0.002283	1.848046
0.012931	3.321905
0.031050	3.068714
0.052865	3.180150
0.079303	3.118287
0.108072	3.156871
0.141787	3.130994
0.181196	3.149278
0.221976	3.135797
0.263804	3.146133
0.307214	3.137893
0.350935	3.144737
0.393072	3.138801
0.432279	3.144182
0.468841	3.139091
0.503833	3.144096
0.534821	3.139014
0.556933	3.144308
0.574137	3.138688
0.585257	3.144736
0.594373	3.138167
0.603035	3.145344
0.602819	3.137472
0.592665	3.146126
0.580801	3.136600
0.568645	3.147095
0.553077	3.135524
0.533822	3.148290
0.507816	3.134193
0.475239	3.149781
0.443863	3.132512
0.410940	3.151690
0.377005	3.130321
0.340207	3.154237
0.298377	3.127316
0.257043	3.157848
0.216910	3.122881
0.177741	3.163449
0.142168	3.115554
0.110268	3.173481
0.081047	3.100936
0.054258	3.196763
0.031312	3.058426
0.010677	3.293616
0.001506	0.833025
0.004375	-0.296444
0.001734	0.470427
0.002447	3.036332
0.011595	3.178676
0.024905	3.115860
0.042531	3.162183
0.063857	3.124337
0.089200	3.156362
0.117904	3.128806
0.147989	3.152732
0.178012	3.131861
0.209556	3.150096
0.241049	3.134181
0.272891	3.148018
0.304848	3.136069
0.336347	3.146282
0.364393	3.137685
0.390232	3.144762
0.412401	3.139127
0.431627	3.143381
0.447166	3.140460
0.460335	3.142085
0.470326	3.141730
0.478821	3.140833
0.485345	3.142972
0.489229	3.139593
0.489326	3.144217
0.485861	3.138336
0.479968	3.145493
0.473033	3.137033
0.463596	3.146830
0.453146	3.135655
0.439763	3.148258
0.424715	3.134167
0.407105	3.149817
0.388361	3.132524
0.367555	3.151558
0.345352	3.130669
0.320888	3.153548
0.295433	3.128521
0.268569	3.155881
0.241628	3.125969
0.213219	3.158694
0.182809	3.122847
0.153231	3.162177
0.126774	3.118958
0.098581	3.166465
0.072192	3.114500
0.046672	3.169866
0.026242	3.119219
0.007278	3.078609
0.004416	0.242617
0.014406	-0.026523
0.020547	-0.016001
0.023928	0.040549
0.024159	-0.066567
0.020601	0.108179
0.014530	-0.208832
0.003815	0.844573
0.009561	3.351795
0.030201	3.021165
0.051482	3.224929
0.076704	3.078282
0.103065	3.192334
0.131552	3.099524
0.159759	3.177273
0.189641	3.110847
0.219483	3.168383
0.249129	3.118067
0.277699	3.162358
0.306706	3.123210
0.333367	3.157882
0.358094	3.127172
0.381908	3.154323
0.404288	3.130412
0.425262	3.151336
0.444567	3.133196
0.462543	3.148714
0.477979	3.135691
0.490462	3.146318
0.500453	3.138012
0.508488	3.144050
0.514801	3.140247
0.518726	3.141829
0.518271	3.142472
0.514070	3.139583
0.506217	3.144756
0.495163	3.137241
0.482512	3.147178
0.468020	3.134717
0.447883	3.149830
0.425164	3.131906
0.401148	3.152838
0.376337	3.128656
0.348907	3.156387
0.320188	3.124734
0.289667	3.160777
0.258093	3.119747
0.225415	3.166537
0.193111	3.112959
0.160488	3.174732
0.129587	3.102766
0.100039	3.187906
0.074649	3.084843
0.050276	3.214110
0.029442	3.042344
0.009224	3.289221
0.003859	0.610879
0.012081	-0.136473
0.014956	0.047541
0.015945	0.004847
0.012875	-0.078979
0.003779	0.432728
0.008793	3.212564
0.027886	3.069937
0.047306	3.198471
0.069768	3.095433
0.091989	3.179928
0.115661	3.109263
0.138787	3.169097
0.162084	3.118114
0.184875	3.161604
0.210648	3.124650
0.236016	3.155752
0.259856	3.130011
0.281113	3.150736
0.299139	3.134798
0.312382	3.146083
0.323420	3.139402
0.331163	3.141449
0.335169	3.144147
0.335554	3.136507
0.333436	3.149384
0.326457	3.130856
0.314031	3.155598
0.297244	3.123881
0.277847	3.163606
0.255448	3.114447
0.230071	3.175062
0.202003	3.100015
0.171544	3.194114
0.136840	3.073239
0.103179	3.235284
0.069743	3.000166
0.036928	3.406417
0.007663	1.968386
0.026829	-0.275644
0.058803	0.149635
0.085956	-0.101172
0.113793	0.075294
0.137867	-0.058883
0.160293	0.047248
0.178073	-0.038295
0.192688	0.030931
0.201668	-0.024513
0.206365	0.018613
0.204644	-0.012904
0.198933	0.007092
0.187997	-0.000859
0.174568	-0.006197
0.157247	0.014672
0.139116	-0.025567
0.117881	0.040788
0.095489	-0.064579
0.067115	0.108699
0.039408	-0.221194
0.008342	0.985808
0.017069	3.408276
0.046888	2.986107
0.071050	3.253376
0.095205	3.053239
0.114167	3.215138
0.131708	3.078437
0.146342	3.196898
0.160224	3.092571
0.173336	3.185340
0.184578	3.102462
0.190763	3.176521
0.192171	3.110634
0.188894	3.168661
0.182285	3.118484
0.173627	3.160514
0.164093	3.127282
0.153000	3.150606
0.136526	3.138954
0.117369	3.136152
0.098470	3.157919
0.079579	3.109417
0.058936	3.199443
0.038939	3.034541
0.015119	3.379282
0.004987	1.332530
0.024889	-0.329368
0.041426	0.202184
0.058169	-0.154574
0.071764	0.130623
0.083135	-0.116953
0.091092	0.108872
0.097983	-0.104411
0.102103	0.102727
0.102774	-0.103588
0.096160	0.107257
0.086625	-0.114623
0.074742	0.127739
0.060448	-0.151506
0.042950	0.199967
0.021424	-0.332884
0.004847	1.762480
0.024526	3.396630
0.050103	3.017984
0.077676	3.216283
0.107214	3.091762
0.135586	3.176687
0.162960	3.116068
0.190214	3.160525
0.216982	3.127387
0.244718	3.152315
0.271203	3.133484
0.295685	3.147718
0.316646	3.136976
0.335013	3.145066
0.351013	3.138973
0.364703	3.143593
0.375573	3.140016
0.384440	3.142911
0.390920	3.140388
0.395919	3.142811
0.398668	3.140243
0.398064	3.143183
0.393574	3.139657
0.386312	3.143977
0.376338	3.138654
0.364583	3.145193
0.351036	3.137215
0.336593	3.146873
0.319583	3.135272
0.300087	3.149111
0.278297	3.132696
0.254743	3.152081
0.231341	3.129256
0.209969	3.156092
0.189152	3.124534
0.167702	3.161721
0.144426	3.117712
0.120725	3.170168
0.097722	3.106958
0.076654	3.184387
0.057510	3.087137
0.039749	3.214246
0.024276	3.036329
0.009218	3.319063
0.003034	0.740041
0.013728	-0.183887
0.020870	0.091161
0.026340	-0.051381
0.026901	0.025809
0.025544	-0.003528
0.021224	-0.022198
0.016112	0.061876
0.006719	-0.148475
0.003259	2.283731
0.015279	3.391578
0.029015	2.988563
0.044005	3.256241
0.059909	3.047562
0.076550	3.222661
0.094316	3.069491
0.113218	3.207083
0.131078	3.081202
0.145952	3.197916
0.161313	3.088600
0.177068	3.191802
0.193540	3.093748
0.210712	3.187401
0.228405	3.097559
0.244002	3.184065
0.257097	3.100506
0.266941	3.181442
0.275105	3.102855
0.280470	3.179325
0.283881	3.104774
0.285106	3.177578
0.285212	3.106370
0.282589	3.176114
0.277697	3.107719
0.268575	3.174866
0.256702	3.108879
0.242158	3.173778
0.226862	3.109911
0.209129	3.172780
0.190424	3.110913
0.168841	3.171709
0.147173	3.112181
0.122210	3.169956
0.096626	3.115166
0.069143	3.163376
0.044244	3.135852
0.014930	3.026998
0.008695	0.195613
0.036918	-0.022978
0.061706	-0.003509
0.087699	0.012291
0.110788	-0.016246
0.135010	0.018340
0.158008	-0.019558
0.181347	0.020309
0.203049	-0.020785
0.224158	0.021089
0.243035	-0.021281
0.260450	0.021396
0.275295	-0.021457
0.287850	0.021479
0.296843	-0.021473
0.303878	0.021445
0.308784	-0.021402
0.312392	0.021346
0.314289	-0.021281
0.315454	0.021210
0.316112	-0.021132
0.316623	0.021052
0.316959	-0.020968
0.317950	0.020882
0.319086	-0.020794
0.320792	0.020706
0.322623	-0.020617
0.325219	0.020528
0.328441	-0.020439
0.333045	0.020350
0.338727	-0.020262
0.345506	0.020174
0.352975	-0.020087
0.361762	0.020001
0.371857	-0.019916
0.383197	0.019831
0.395679	-0.019748
0.410053	0.019666
0.425713	-0.019584
0.442469	0.019504
0.460314	-0.019425
0.478671	0.019346
0.497141	-0.019269
0.516011	0.019193
0.535171	-0.019118
0.554924	0.019044
0.574560	-0.018972
0.594251	0.018900
0.613754	-0.018829
0.633133	0.018759
0.651792	-0.018691
0.668187	0.018623
0.681547	-0.018556
0.692717	0.018490
0.700844	-0.018425
0.706132	0.018361
0.708435	-0.018298
0.708338	0.018236
0.706717	-0.018175
0.704589	0.018114
0.701287	-0.018055
0.697031	0.017996
0.691685	-0.017938
0.685518	0.017881
0.678400	-0.017825
0.670799	0.017769
0.662994	-0.017714
0.655327	0.017660
0.646817	-0.017607
0.635739	0.017554
0.623626	-0.017502
0.612288	0.017451
0.600526	-0.017401
0.589638	0.017351
0.579368	-0.017301
0.569923	0.017253
0.561013	-0.017205
0.552849	0.017158
0.545197	-0.017111
0.538484	0.017065
0.532594	-0.017019
0.527657	0.016974
0.523434	-0.016930
0.520061	0.016886
0.517322	-0.016843
0.515376	0.016800
0.514038	-0.016758
0.513322	0.016717
0.512504	-0.016675
0.511847	0.016635
0.511262	-0.016595
0.510867	0.016555
0.510531	-0.016516
0.510214	0.016477
0.509112	-0.016439
0.506323	0.016401
0.501755	-0.016364
0.496531	0.016327
0.490405	-0.016290
0.483566	0.016254
0.475840	-0.016219
0.467518	0.016184
0.458364	-0.016149
0.448544	0.016114
0.437721	-0.016080
0.426066	0.016047
0.413255	-0.016014
0.399896	0.015981
0.384609	-0.015948
0.368186	0.015916
0.351811	-0.015885
0.334826	0.015853
0.317362	-0.015822
0.299716	0.015791
0.282009	-0.015761
0.264582	0.015731
0.247755	-0.015702
0.232006	0.015672
0.217363	-0.015643
0.203523	0.015615
0.190204	-0.015586
0.177511	0.015558
0.165660	-0.015530
0.154522	0.015503
0.144260	-0.015476
0.135604	0.015449
0.128416	-0.015422
0.122470	0.015396
0.117560	-0.015370
0.114480	0.015345
0.112721	-0.015319
0.111918	0.015294
0.111525	-0.015269
0.111885	0.015244
0.113263	-0.015220
0.115968	0.015196
0.119886	-0.015172
0.125069	0.015149
0.131348	-0.015125
0.138771	0.015102
0.147165	-0.015079
0.156456	0.015057
0.165871	-0.015035
0.174969	0.015012
0.183497	-0.014991
0.191895	0.014969
0.200315	-0.014948
0.208964	0.014926
0.217671	-0.014905
0.226502	0.014885
0.234854	-0.014864
0.242310	0.014844
0.248411	-0.014824
0.253536	0.014804
0.258110	-0.014784
0.262312	0.014765
0.266112	-0.014746
0.268750	0.014727
0.269195	-0.014708
0.268517	0.014689
0.267268	-0.014671
0.265794	0.014653
0.264020	-0.014635
0.262052	0.014617
0.259785	-0.014599
0.257289	0.014582
0.254572	-0.014564
0.251864	0.014547
0.249004	-0.014530
0.246161	0.014514
0.243241	-0.014497
0.240405	0.014481
0.237599	-0.014465
0.235108	0.014449
0.232866	-0.014433
0.230480	0.014417
0.228414	-0.014402
0.227771	0.014386
0.228510	-0.014371
0.230838	0.014356
0.234194	-0.014341
0.237948	0.014327
0.242097	-0.014312
0.247332	0.014298
0.253411	-0.014284
0.260330	0.014270
0.267971	-0.014256
0.276645	0.014242
0.286406	-0.014229
0.297213	0.014215
0.308491	-0.014202
0.320675	0.014189
0.333721	-0.014176
0.347591	0.014163
0.361720	-0.014151
0.376254	0.014138
0.391051	-0.014126
0.406306	0.014114
0.422036	-0.014102
0.438540	0.014090
0.455394	-0.014078
0.472230	0.014066
0.488934	-0.014055
0.505860	0.014043
0.522817	-0.014032
0.539996	0.014021
0.557111	-0.014010
0.573896	0.013999
0.589606	-0.013989
0.603905	0.013978
0.616976	-0.013968
0.629584	0.013958
0.641749	-0.013947
0.653646	0.013937
0.665158	-0.013928
0.676713	0.013918
0.688166	-0.013908
0.699573	0.013899
0.710752	-0.013889
0.721872	0.013880
0.732762	-0.013871
0.743572	0.013862
0.754111	-0.013853
0.764518	0.013844
0.774582	-0.013836
0.784426	0.013827
0.793814	-0.013819
0.802963	0.013811
0.812087	-0.013802
0.821397	0.013794
0.830577	-0.013786
0.839787	0.013779
0.848819	-0.013771
0.857827	0.013763
0.866608	-0.013756
0.875318	0.013749
0.883763	-0.013742
0.892105	0.013734
0.900181	-0.013727
0.908148	0.013721
0.915597	-0.013714
0.922859	0.013707
0.929899	-0.013701
0.936912	0.013694
0.943766	-0.013688
0.950673	0.013682
0.957497	-0.013676
0.964273	0.013670
0.970400	-0.013664
0.976102	0.013658
0.981629	-0.013652
0.986757	0.013647
0.991088	-0.013641
0.994784	0.013636
0.997588	-0.013631
0.999485	0.013626
1.000000	-0.013621
0.999333	0.013616
0.997322	-0.013611
0.995459	0.013606
0.993513	-0.013602
0.990982	0.013597
0.987855	-0.013593
0.984338	0.013588
0.980370	-0.013584
0.976155	0.013580
0.971653	-0.013576
0.967075	0.013572
0.962313	-0.013568
0.957568	0.013565
0.952734	-0.013561
0.948022	0.013558
0.943327	-0.013554
0.938815	0.013551
0.934284	-0.013548
0.929759	0.013545
0.925007	-0.013542
0.919659	0.013539
0.913420	-0.013536
0.906723	0.013533
0.899590	-0.013531
0.892393	0.013528
0.885030	-0.013526
0.877762	0.013524
0.870509	-0.013521
0.863571	0.013519
0.856880	-0.013517
0.850395	0.013515
0.843677	-0.013514
0.837028	0.013512
0.830424	-0.013510
0.823753	0.013509
0.816357	-0.013507
0.808524	0.013506
0.800120	-0.013505
0.791474	0.013504
0.782495	-0.013503
0.773310	0.013502
0.763822	-0.013501
0.754461	0.013500
0.745034	-0.013499
0.735762	0.013499
0.726417	-0.013498
0.717204	0.013498
0.707902	-0.013498
0.698712	0.013498
0.689405	-0.013497
0.680170	0.013497
0.670819	-0.013498
0.661650	0.013498
0.652417	-0.013498
0.643340	0.013498
0.634227	-0.013499
0.625318	0.013499
0.616412	-0.013500
0.607750	0.013501
0.599122	-0.013502
0.590812	0.013503
0.582762	-0.013504
0.575326	0.013505
0.568238	-0.013506
0.561404	0.013507
0.554672	-0.013509
0.548501	0.013510
0.542750	-0.013512
0.537608	0.013514
0.532731	-0.013516
0.528306	0.013517
0.524166	-0.013519
0.520527	0.013521
0.517097	-0.013524
0.514017	0.013526
0.511037	-0.013528
0.508594	0.013531
0.506478	-0.013533
0.504789	0.013536
0.503191	-0.013539
0.501769	0.013542
0.500237	-0.013544
0.498825	0.013547
0.497310	-0.013551
0.495925	0.013554
0.494453	-0.013557
0.493188	0.013561
0.491933	-0.013564
0.490931	0.013568
0.489965	-0.013571
0.489275	0.013575
0.488600	-0.013579
0.488148	0.013583
0.487650	-0.013587
0.487309	0.013591
0.486876	-0.013596
0.486660	0.013600
0.486430	-0.013605
0.486421	0.013609
0.486385	-0.013614
0.486560	0.013619
0.486698	-0.013623
0.487040	0.013628
0.487338	-0.013633
0.487845	0.013639
0.488318	-0.013644
0.489012	0.013649
0.489682	-0.013655
0.490587	0.013660
0.491482	-0.013666
0.492629	0.013672
0.493777	-0.013678
0.495180	0.013684
0.496588	-0.013690
0.498276	0.013696
0.499995	-0.013702
0.502011	0.013708
0.503990	-0.013715
0.506082	0.013722
0.508034	-0.013728
0.510124	0.013735
0.512113	-0.013742
0.514288	0.013749
0.516404	-0.013756
0.518750	0.013763
0.521073	-0.013770
0.523662	0.013778
0.526259	-0.013785
0.529149	0.013793
0.532066	-0.013801
0.535293	0.013809
0.538558	-0.013817
0.542137	0.013825
0.545751	-0.013833
0.549676	0.013841
0.553649	-0.013849
0.557961	0.013858
0.562223	-0.013867
0.566601	0.013875
0.570799	-0.013884
0.575112	0.013893
0.579259	-0.013902
0.583535	0.013911
0.587648	-0.013921
0.591889	0.013930
0.595964	-0.013939
0.600166	0.013949
0.604188	-0.013959
0.608306	0.013969
0.612201	-0.013979
0.616159	0.013989
0.619860	-0.013999
0.623654	0.014009
0.627297	-0.014020
0.631061	0.014030
0.634617	-0.014041
0.638242	0.014052
0.641605	-0.014063
0.644992	0.014074
0.648085	-0.014085
0.651186	0.014096
0.653973	-0.014108
0.656748	0.014119
0.659184	-0.014131
0.661583	0.014143
0.663650	-0.014154
0.665753	0.014166
0.667563	-0.014179
0.669405	0.014191
0.670949	-0.014203
0.672522	0.014216
0.673794	-0.014229
0.675096	0.014241
0.676097	-0.014254
0.677130	0.014267
0.677861	-0.014281
0.678628	0.014294
0.679093	-0.014307
0.679592	0.014321
0.679770	-0.014335
0.679959	0.014349
0.679807	-0.014363
0.679654	0.014377
0.679290	-0.014391
0.679137	0.014406
0.678782	-0.014420
0.678458	0.014435
0.677670	-0.014450
0.676798	0.014465
0.675472	-0.014480
0.674073	0.014495
0.672257	-0.014511
0.670444	0.014527
0.668261	-0.014542
0.666103	0.014558
0.663593	-0.014574
0.661126	0.014591
0.658320	-0.014607
0.655571	0.014624
0.652493	-0.014640
0.649483	0.014657
0.646149	-0.014674
0.642894	0.014691
0.639323	-0.014709
0.635841	0.014726
0.632044	-0.014744
0.628339	0.014762
0.624321	-0.014780
0.620402	0.014798
0.616169	-0.014816
0.612041	0.014835
0.607605	-0.014853
0.603307	0.014872
0.598733	-0.014891
0.594312	0.014911
0.589619	-0.014930
0.585087	0.014949
0.580287	-0.014969
0.575658	0.014989
0.570765	-0.015009
0.566057	0.015030
0.561089	-0.015050
0.556313	0.015071
0.551282	-0.015092
0.546453	0.015113
0.541369	-0.015134
0.536541	0.015155
0.531562	-0.015177
0.526890	0.015199
0.522051	-0.015221
0.517505	0.015243
0.512768	-0.015266
0.508305	0.015289
0.503622	-0.015311
0.499184	0.015334
0.494488	-0.015358
0.490025	0.015381
0.485301	-0.015405
0.480817	0.015429
0.476070	-0.015453
0.471571	0.015478
0.466809	-0.015502
0.462302	0.015527
0.457533	-0.015552
0.453026	0.015578
0.448258	-0.015603
0.443761	0.015629
0.439002	-0.015655
0.434520	0.015681
0.429773	-0.015708
0.425313	0.015735
0.420588	-0.015762
0.416167	0.015789
0.411511	-0.015817
0.407189	0.015844
0.402628	-0.015872
0.398402	0.015901
0.393934	-0.015929
0.389812	0.015958
0.385448	-0.015987
0.381438	0.016017
0.377182	-0.016046
0.373305	0.016076
0.369202	-0.016107
0.365490	0.016137
0.361546	-0.016168
0.357996	0.016199
0.354206	-0.016231
0.350814	0.016263
0.347169	-0.016295
0.343915	0.016327
0.340388	-0.016360
0.337251	0.016393
0.333831	-0.016426
0.330802	0.016460
0.327480	-0.016494
0.324552	0.016528
0.321318	-0.016563
0.318482	0.016598
0.315329	-0.016633
0.312577	0.016669
0.309497	-0.016705
0.306822	0.016741
0.303808	-0.016778
0.301203	0.016815
0.298246	-0.016853
0.295705	0.016891
0.292800	-0.016929
0.290316	0.016968
0.287457	-0.017007
0.285024	0.017046
0.282205	-0.017086
0.279823	0.017126
0.277044	-0.017167
0.274711	0.017208
0.271968	-0.017250
0.269678	0.017292
0.266966	-0.017335
0.264716	0.017377
0.262029	-0.017421
0.259814	0.017465
0.257148	-0.017509
0.254964	0.017554
0.252314	-0.017599
0.250156	0.017645
0.247516	-0.017691
0.245382	0.017738
0.242749	-0.017785
0.240634	0.017833
0.238005	-0.017882
0.235908	0.017930
0.233279	-0.017980
0.231197	0.018030
0.228565	-0.018080
0.226497	0.018132
0.223859	-0.018183
0.221803	0.018236
0.219157	-0.018289
0.217113	0.018342
0.214456	-0.018396
0.212423	0.018451
0.209754	-0.018507
0.207731	0.018563
0.205049	-0.018620
0.203037	0.018677
0.200341	-0.018735
0.198342	0.018794
0.195631	-0.018854
0.193647	0.018914
0.190920	-0.018975
0.188954	0.019037
0.186213	-0.019100
0.184268	0.019163
0.181514	-0.019228
0.179596	0.019293
0.176832	-0.019359
0.174948	0.019425
0.172176	-0.019493
0.170332	0.019562
0.167554	-0.019631
0.165758	0.019701
0.162978	-0.019773
0.161239	0.019845
0.158459	-0.019918
0.156787	0.019992
0.154012	-0.020068
0.152419	0.020144
0.149651	-0.020221
0.148151	0.020300
0.145394	-0.020379
0.144003	0.020460
0.141258	-0.020542
0.139994	0.020625
0.137266	-0.020709
0.136149	0.020795
0.133437	-0.020881
0.132494	0.020969
0.129796	-0.021059
0.129053	0.021150
0.126365	-0.021242
0.125859	0.021335
0.123166	-0.021430
0.122941	0.021527
0.120222	-0.021625
0.120335	0.021725
0.117548	-0.021826
0.118080	0.021929
0.115153	-0.022033
0.116227	0.022139
0.113025	-0.022247
0.114850	0.022357
0.111104	-0.022469
0.114104	0.022583
0.109165	-0.022698
0.114480	0.022816
0.106107	-0.022935
0.119515	0.023057
